# Barabasi-Albert n=50 m=5
# n=50
0 1
0 2
0 3
0 4
0 5
0 6
0 10
0 12
0 13
0 15
0 20
0 25
0 29
0 31
0 32
0 34
0 40
0 46
0 47
0 49
1 2
1 3
1 4
1 5
1 6
1 7
1 12
1 13
1 15
1 16
1 17
1 19
1 21
1 22
1 24
1 32
1 35
1 44
2 3
2 4
2 5
2 6
2 7
2 8
2 9
2 11
2 13
2 14
2 15
2 18
2 19
2 20
2 28
2 30
2 31
2 40
2 41
2 42
2 44
2 46
2 47
3 4
3 5
3 6
3 7
3 9
3 10
3 11
3 14
3 15
3 16
3 18
3 20
3 21
3 23
3 33
3 36
3 38
3 41
3 42
4 5
4 6
4 7
4 8
4 9
4 10
4 11
4 20
4 23
4 26
4 27
4 28
4 30
4 31
4 33
4 36
4 37
4 38
4 39
4 43
5 8
5 9
5 10
5 11
5 12
5 15
5 17
5 18
5 21
5 22
5 23
5 24
5 25
5 27
5 29
5 33
5 35
5 36
5 37
5 39
5 40
5 42
5 43
5 48
5 49
6 7
6 8
6 9
6 10
6 11
6 12
6 14
6 28
6 34
6 37
6 38
6 48
7 8
7 14
7 17
7 26
7 27
7 31
7 34
7 36
7 41
7 47
7 48
8 13
8 16
8 17
8 18
8 19
8 21
8 22
8 24
8 26
8 27
8 41
8 46
8 47
9 13
9 16
9 22
9 47
10 39
10 40
11 12
11 17
11 24
13 14
13 16
13 32
14 20
14 25
14 26
15 18
15 21
15 23
15 25
15 32
15 45
16 19
16 24
16 29
16 30
16 33
16 35
16 39
16 44
16 45
17 38
18 19
18 22
18 23
18 25
18 27
18 33
18 36
18 44
19 28
19 29
19 30
19 37
19 41
19 42
21 28
21 48
22 45
23 42
24 31
24 32
24 46
25 26
25 29
25 43
26 30
26 34
26 44
27 45
27 48
27 49
28 35
28 43
31 34
31 37
31 46
34 35
34 38
34 40
35 49
38 39
41 45
42 43
44 49
