# Barabasi-Albert n=100 m=5
# n=100
0 1
0 2
0 3
0 4
0 5
0 6
0 7
0 8
0 11
0 18
0 19
0 24
0 25
0 28
0 31
0 36
0 37
0 38
0 40
0 42
0 66
0 69
0 70
0 74
0 84
0 94
0 98
1 2
1 3
1 4
1 5
1 8
1 9
1 12
1 16
1 20
1 21
1 29
1 33
1 34
1 38
1 40
1 54
1 56
1 65
1 68
1 70
1 80
1 94
2 3
2 4
2 5
2 6
2 7
2 9
2 13
2 14
2 15
2 17
2 24
2 30
2 44
2 51
2 56
2 60
2 67
2 77
2 93
3 4
3 5
3 6
3 7
3 8
3 10
3 11
3 14
3 17
3 19
3 20
3 21
3 26
3 28
3 29
3 31
3 36
3 40
3 45
3 47
3 49
3 59
3 61
3 65
3 67
3 78
3 81
3 82
4 5
4 6
4 7
4 8
4 9
4 11
4 12
4 14
4 15
4 16
4 18
4 21
4 26
4 38
4 50
4 51
4 58
4 64
4 81
4 86
4 89
4 93
4 96
4 99
5 6
5 7
5 9
5 10
5 11
5 12
5 18
5 22
5 30
5 31
5 48
5 49
5 54
5 57
5 59
5 66
5 69
5 89
5 91
5 97
6 8
6 9
6 10
6 13
6 14
6 16
6 18
6 20
6 22
6 23
6 26
6 32
6 39
6 41
6 46
6 63
6 67
6 68
6 72
6 78
6 85
6 96
6 97
7 10
7 13
7 15
7 16
7 19
7 21
7 25
7 28
7 34
7 35
7 36
7 39
7 41
7 43
7 45
7 50
7 54
7 63
7 70
7 78
7 83
7 88
7 90
7 91
7 98
8 40
8 52
8 57
8 87
8 88
8 98
9 10
9 11
9 12
9 13
9 16
9 22
9 25
9 33
9 34
9 43
9 44
9 48
9 52
9 60
9 62
9 63
9 64
9 68
9 71
10 13
10 18
10 19
10 20
10 22
10 23
10 24
10 27
10 30
10 32
10 35
10 37
10 39
10 43
10 51
10 53
10 54
10 56
10 58
10 60
10 61
10 64
10 66
10 67
10 75
10 83
10 92
10 99
11 12
11 14
11 15
11 17
11 21
11 22
11 23
11 28
11 33
11 35
11 38
11 43
11 45
11 48
11 52
11 56
11 69
11 70
11 78
11 87
12 15
12 17
12 19
12 24
12 51
12 59
12 60
12 64
12 74
12 75
12 93
13 30
13 55
13 56
13 86
13 89
13 96
13 99
14 23
14 25
14 30
14 32
14 34
14 50
14 52
14 71
14 81
15 17
15 23
15 26
15 27
15 41
15 80
16 44
16 57
16 74
16 88
16 93
16 95
17 27
17 65
17 73
17 90
18 20
18 24
18 50
18 53
18 62
18 82
18 94
19 25
19 27
19 36
19 38
19 48
19 53
19 55
19 58
19 63
19 71
19 72
19 90
20 29
20 32
20 37
20 39
20 57
20 58
20 59
20 74
21 42
22 26
22 29
22 31
22 54
22 81
23 43
23 51
23 59
23 75
23 83
24 53
24 64
24 69
24 79
24 88
24 94
24 95
25 27
25 28
25 31
25 39
25 45
25 49
25 77
25 83
25 85
25 95
26 35
26 41
26 61
26 90
27 29
27 32
27 44
27 57
27 61
27 79
28 45
28 65
29 34
29 37
30 33
30 42
30 47
30 68
30 90
31 35
31 46
31 49
31 55
31 62
31 72
31 73
31 96
32 33
32 40
32 46
32 55
32 66
32 69
32 76
32 92
32 99
33 44
33 48
33 52
33 65
33 79
34 46
34 62
35 36
35 37
35 49
35 80
35 84
36 41
36 46
36 50
36 58
36 62
36 84
37 73
37 91
39 42
39 47
39 70
39 73
39 77
39 89
39 95
39 97
40 47
40 55
40 60
40 61
40 63
40 71
40 77
40 89
40 91
40 95
41 42
41 68
42 76
43 78
43 82
44 53
44 76
44 92
45 47
45 84
45 92
45 97
46 74
46 76
47 82
47 93
48 97
50 79
51 85
53 86
54 87
55 72
56 75
56 87
57 66
58 72
59 67
59 88
61 73
61 75
61 77
61 80
61 92
62 91
64 94
66 82
66 85
67 85
67 99
69 71
69 87
69 98
70 80
71 84
71 98
72 79
72 81
73 83
73 86
75 76
82 96
83 86
