# Barabasi-Albert n=200 m=5
# n=200
0 1
0 2
0 3
0 4
0 5
0 6
0 7
0 8
0 9
0 10
0 11
0 12
0 13
0 14
0 16
0 19
0 22
0 23
0 30
0 36
0 37
0 46
0 47
0 62
0 66
0 74
0 77
0 79
0 84
0 87
0 92
0 93
0 94
0 96
0 104
0 116
0 120
0 130
0 131
0 132
0 133
0 136
0 137
0 160
0 162
0 163
0 170
0 171
0 175
0 178
0 190
1 2
1 3
1 4
1 5
1 6
1 8
1 10
1 11
1 12
1 16
1 17
1 18
1 21
1 23
1 25
1 26
1 27
1 31
1 41
1 46
1 58
1 87
1 103
1 104
1 110
1 115
1 116
1 120
1 127
1 128
1 135
1 142
1 145
1 158
1 183
1 193
1 194
2 3
2 4
2 5
2 6
2 7
2 13
2 14
2 15
2 17
2 24
2 26
2 30
2 32
2 35
2 39
2 40
2 42
2 46
2 53
2 56
2 57
2 59
2 75
2 108
2 113
2 126
2 165
2 166
2 168
2 174
2 186
3 4
3 5
3 6
3 7
3 8
3 9
3 11
3 13
3 16
3 18
3 22
3 24
3 27
3 30
3 31
3 34
3 37
3 44
3 48
3 51
3 52
3 60
3 63
3 76
3 77
3 79
3 81
3 83
3 102
3 105
3 111
3 118
3 120
3 121
3 125
3 145
3 154
3 170
3 177
3 182
3 191
4 5
4 9
4 10
4 14
4 15
4 17
4 19
4 33
4 35
4 36
4 37
4 65
4 91
4 93
4 94
4 107
4 119
4 133
4 159
4 190
5 6
5 7
5 8
5 12
5 18
5 19
5 20
5 24
5 25
5 28
5 29
5 31
5 40
5 49
5 55
5 58
5 60
5 62
5 67
5 68
5 72
5 80
5 91
5 107
5 108
5 109
5 111
5 113
5 125
5 139
5 143
5 157
5 158
5 176
6 7
6 9
6 10
6 11
6 12
6 14
6 17
6 20
6 27
6 28
6 33
6 42
6 50
6 52
6 55
6 59
6 75
6 81
6 83
6 85
6 86
6 106
6 110
6 128
6 130
6 133
6 142
6 148
6 179
6 199
7 8
7 25
7 36
7 38
7 40
7 49
7 56
7 70
7 82
7 96
7 114
7 126
7 160
7 164
7 181
8 9
8 13
8 31
8 33
8 34
8 36
8 39
8 47
8 54
8 70
8 79
8 83
8 91
8 94
8 103
8 112
8 124
8 132
8 139
8 144
8 169
8 177
9 10
9 11
9 15
9 17
9 21
9 23
9 25
9 28
9 32
9 37
9 39
9 41
9 42
9 43
9 47
9 50
9 52
9 54
9 56
9 58
9 61
9 64
9 66
9 69
9 78
9 80
9 95
9 102
9 106
9 112
9 124
9 141
9 143
9 154
9 163
9 167
9 168
9 169
9 174
9 192
9 193
10 12
10 15
10 16
10 18
10 19
10 20
10 22
10 28
10 30
10 32
10 33
10 34
10 53
10 56
10 57
10 59
10 63
10 65
10 66
10 86
10 90
10 92
10 94
10 95
10 101
10 102
10 105
10 119
10 128
10 133
10 134
10 140
10 145
10 146
10 149
10 155
10 170
10 171
10 191
11 13
11 20
11 32
11 43
11 52
11 53
11 58
11 61
11 68
11 96
11 112
11 178
11 179
12 14
12 15
12 26
12 66
12 76
12 85
12 88
12 113
12 115
12 118
12 129
12 148
12 152
12 154
12 186
13 38
13 50
13 57
13 109
13 129
13 151
13 162
13 165
14 16
14 19
14 21
14 22
14 51
14 86
14 118
14 135
14 144
14 192
15 18
15 26
15 33
15 35
15 42
15 48
15 59
15 61
15 62
15 69
15 95
15 122
15 142
15 149
15 156
15 168
15 171
16 20
16 21
16 22
16 50
16 59
16 64
16 96
16 122
16 123
16 134
16 138
16 140
16 141
16 170
16 173
16 177
16 188
16 193
17 23
17 24
17 31
17 36
17 38
17 40
17 56
17 65
17 87
17 104
17 121
17 184
17 197
18 26
18 65
18 160
18 185
18 187
18 190
18 195
18 198
19 21
19 23
19 39
19 44
19 45
19 48
19 51
19 61
19 63
19 65
19 68
19 71
19 72
19 74
19 82
19 86
19 101
19 124
19 153
19 191
19 194
19 196
20 29
20 37
20 41
20 48
20 78
20 87
20 89
20 99
20 110
20 123
20 132
20 156
20 178
21 29
21 30
21 32
21 45
21 50
21 60
21 67
21 78
21 89
21 92
21 93
21 95
21 101
21 108
21 127
21 145
21 176
21 183
21 188
21 191
22 24
22 25
22 29
22 34
22 35
22 41
22 45
22 46
22 51
22 63
22 72
22 76
22 82
22 119
22 121
22 135
22 169
23 29
23 44
23 45
23 73
23 82
23 88
23 93
23 105
23 124
23 134
23 135
23 146
23 165
24 27
24 45
24 55
24 60
24 67
24 69
24 95
24 105
24 111
24 117
24 163
24 174
24 188
25 27
25 28
25 34
25 43
25 64
25 89
25 99
25 108
25 169
25 170
25 172
25 175
26 57
26 112
26 115
26 116
26 125
26 126
26 137
27 52
27 72
27 75
27 83
27 92
27 109
27 119
27 153
27 164
27 185
28 38
28 47
28 68
28 74
28 109
28 117
29 49
29 79
29 118
29 176
29 182
30 40
30 41
30 43
30 49
30 146
30 159
31 43
31 57
31 76
31 100
31 120
31 137
32 39
32 55
32 58
32 78
32 85
32 94
32 98
32 134
33 53
33 54
33 85
34 35
34 86
34 87
34 101
34 121
34 177
35 38
35 62
35 63
35 84
35 122
35 130
35 155
35 185
36 99
36 152
37 46
37 167
38 42
38 73
39 82
39 161
39 176
40 47
40 53
40 66
40 71
40 107
41 44
41 54
41 70
41 79
41 97
41 151
41 152
42 44
42 49
42 62
42 77
42 123
42 142
42 148
42 175
42 182
43 141
44 67
44 76
44 80
44 123
44 147
44 150
44 172
44 187
45 48
45 69
45 80
45 92
45 100
45 158
46 89
46 114
46 141
46 144
47 73
47 103
47 105
47 120
47 128
47 161
47 164
48 64
48 81
48 90
48 112
48 139
48 146
48 166
48 169
48 179
48 192
48 199
50 51
50 71
50 74
50 99
50 172
51 77
51 81
51 84
51 113
52 100
52 102
52 117
52 134
52 183
53 54
53 55
53 67
53 70
53 73
53 75
53 90
53 107
53 111
53 138
53 144
53 150
53 155
53 157
54 118
54 132
54 173
54 181
55 61
55 64
55 68
55 72
55 74
55 80
55 83
55 90
55 96
55 103
55 109
55 114
55 126
55 140
55 158
55 174
55 196
55 198
56 147
57 60
57 106
57 143
57 166
57 195
58 84
58 142
58 166
59 77
60 88
60 91
60 107
60 157
60 175
60 195
61 140
61 165
62 145
62 152
63 81
63 117
63 150
64 97
64 103
64 144
65 73
65 85
65 88
65 90
65 179
66 69
66 70
66 100
66 122
66 125
66 148
66 190
67 84
67 97
67 98
67 104
67 131
67 136
68 71
68 98
68 106
68 152
68 180
68 181
69 71
69 149
70 75
70 78
70 110
70 123
70 129
70 138
70 162
73 115
73 168
73 179
73 193
74 113
74 141
75 100
75 110
76 180
76 197
77 117
77 154
77 176
79 91
79 97
79 126
79 180
81 111
81 146
82 88
82 197
83 97
83 138
83 154
83 199
84 89
86 115
86 119
86 130
86 137
86 151
86 186
87 104
87 116
87 153
88 102
88 125
89 93
89 98
89 99
89 106
89 121
89 147
89 149
89 150
89 161
89 195
90 127
90 136
90 187
90 189
90 193
90 196
91 98
91 116
91 133
91 137
91 162
91 163
91 164
91 189
92 173
92 196
94 122
94 127
94 159
94 199
96 184
97 129
97 182
98 101
98 143
98 155
99 108
99 158
101 151
101 174
101 198
102 128
102 187
102 188
103 186
104 166
104 187
106 114
106 192
107 135
108 124
108 129
108 160
109 136
109 159
110 149
111 114
111 164
111 192
113 153
113 165
114 139
114 161
114 182
114 191
114 194
115 131
115 168
115 190
116 197
119 127
119 150
120 132
120 153
121 131
122 155
123 136
123 181
123 186
124 138
124 163
126 131
126 147
126 196
127 162
128 130
130 167
130 171
130 183
131 180
133 161
133 184
134 151
135 172
135 184
137 139
137 143
137 156
137 167
137 195
138 140
140 189
141 147
141 156
141 198
142 178
144 148
145 172
146 173
147 157
148 185
148 188
150 194
151 157
151 175
153 156
153 160
156 159
157 189
158 180
159 171
159 177
162 167
164 197
168 181
169 183
172 173
174 178
177 185
180 184
185 189
188 194
196 199
197 198
