# Barabasi-Albert n=200 m=3
# n=200
0 1
0 2
0 3
0 7
0 9
0 10
0 14
0 16
0 32
0 79
0 89
0 97
0 165
0 168
0 171
0 176
1 2
1 3
1 4
1 5
1 8
1 9
1 11
1 12
1 13
1 14
1 17
1 18
1 21
1 22
1 25
1 30
1 33
1 34
1 35
1 38
1 49
1 51
1 52
1 55
1 57
1 61
1 65
1 66
1 76
1 77
1 83
1 100
1 116
1 123
1 128
1 131
1 135
1 157
1 174
2 3
2 4
2 6
2 10
2 23
2 34
2 36
2 42
2 53
2 58
2 59
2 62
2 68
2 75
2 89
2 98
2 111
2 118
2 124
2 163
2 166
2 170
2 175
2 195
3 4
3 5
3 7
3 9
3 12
3 16
3 17
3 19
3 20
3 21
3 36
3 37
3 41
3 45
3 46
3 48
3 56
3 64
3 66
3 67
3 73
3 86
3 102
3 106
3 109
3 110
3 116
3 117
3 118
3 122
3 126
3 130
3 140
3 144
3 146
3 157
3 167
3 170
3 174
3 178
3 185
3 193
4 5
4 6
4 7
4 8
4 11
4 13
4 14
4 17
4 19
4 20
4 23
4 26
4 27
4 29
4 46
4 48
4 49
4 52
4 60
4 64
4 65
4 68
4 71
4 77
4 81
4 90
4 93
4 94
4 119
4 137
4 145
4 149
4 160
4 161
4 181
4 192
5 6
5 8
5 10
5 11
5 12
5 27
5 30
5 32
5 38
5 40
5 54
5 58
5 80
5 96
5 100
5 109
5 126
5 140
5 199
6 13
6 26
6 40
6 50
6 98
6 112
6 115
6 119
6 120
6 121
7 15
7 73
7 76
7 83
7 84
7 102
7 134
7 180
7 193
8 18
8 22
8 36
8 40
8 41
8 51
8 60
8 61
8 69
8 79
8 86
8 95
8 104
8 106
8 159
8 162
9 15
9 16
9 24
9 28
9 41
9 47
9 67
9 78
9 91
9 94
9 133
9 134
9 184
10 18
10 31
10 73
10 96
10 110
10 114
10 135
10 173
10 183
10 187
11 15
11 19
11 31
11 32
11 33
11 38
11 43
11 46
11 54
11 57
11 82
11 85
11 101
11 103
11 114
11 165
11 197
13 34
13 101
13 120
13 162
13 191
14 22
14 28
14 53
14 55
14 57
14 81
14 107
14 117
14 156
14 190
15 74
15 89
15 123
15 195
16 20
16 24
16 25
16 27
16 31
16 44
16 49
16 54
16 56
16 59
16 60
16 63
16 85
16 90
16 99
16 106
16 143
16 152
16 167
16 172
16 176
17 33
17 44
17 53
17 55
17 67
17 75
17 115
17 117
17 149
17 156
17 184
17 194
18 21
18 35
18 88
18 98
18 181
19 30
19 35
19 47
19 82
19 90
19 95
19 144
19 168
20 69
20 109
20 119
21 26
21 78
21 189
22 23
22 24
22 45
22 62
22 63
22 80
22 92
22 111
22 125
22 129
22 158
22 169
22 180
22 192
23 25
23 43
23 105
23 114
23 153
24 28
24 99
24 132
25 29
25 51
25 70
25 88
25 151
25 177
25 199
26 29
26 123
26 162
27 76
27 97
27 108
27 155
27 189
28 84
28 164
29 128
29 153
29 165
29 193
30 44
30 66
31 37
31 58
32 39
32 42
32 50
32 91
32 92
32 108
33 37
33 103
33 113
33 133
33 169
35 87
35 163
36 39
36 147
36 198
37 39
38 43
38 69
38 92
38 124
38 127
38 145
38 186
39 105
39 184
40 42
40 48
40 50
40 108
40 175
40 188
41 45
41 101
41 118
41 164
42 47
42 70
42 71
42 83
42 84
42 131
42 139
42 179
43 75
44 72
44 87
44 125
44 150
44 172
44 174
45 64
45 112
45 113
45 134
46 128
46 136
46 159
46 197
47 52
48 62
48 87
48 121
48 136
48 143
49 94
49 115
51 56
51 59
51 61
51 77
51 80
51 122
51 141
51 156
51 185
51 190
53 63
53 132
53 196
54 95
54 142
54 196
55 93
55 152
55 179
55 195
56 78
56 100
57 154
58 110
58 120
58 166
59 71
60 122
61 65
61 68
61 70
61 85
61 86
61 139
61 171
61 173
62 72
62 79
62 178
63 111
64 72
64 104
64 107
64 140
65 74
65 91
65 102
65 127
66 93
66 144
66 161
67 132
68 99
68 116
68 124
68 135
68 148
69 74
69 147
69 191
70 180
71 104
71 154
72 173
73 199
74 97
74 125
75 160
76 82
76 88
76 148
76 182
78 176
78 182
79 81
79 137
79 141
80 129
80 148
80 164
80 169
81 157
81 194
82 138
82 142
82 158
85 105
86 107
86 113
86 129
86 155
88 146
88 187
89 152
89 171
89 177
90 121
90 149
91 96
93 112
93 154
94 166
95 103
95 141
98 146
98 189
101 136
102 139
102 142
102 185
103 127
103 163
103 168
104 137
104 158
105 126
105 138
105 192
106 147
106 151
106 155
107 188
108 183
110 181
111 131
112 133
115 143
115 170
115 183
115 198
116 160
118 130
118 138
118 151
118 159
127 150
129 130
130 150
134 161
139 178
139 197
141 145
142 179
149 190
149 194
151 153
151 172
153 186
155 191
157 177
157 187
160 167
161 186
168 175
169 196
170 188
174 198
181 182
