# Barabasi-Albert n=100 m=3
# n=100
0 1
0 2
0 3
0 6
0 9
0 12
0 17
0 21
0 22
0 23
0 36
0 67
0 97
1 2
1 3
1 4
1 5
1 11
1 15
1 16
1 29
1 42
1 57
1 70
1 79
1 81
1 90
1 99
2 3
2 4
2 5
2 7
2 12
2 13
2 18
2 19
2 22
2 27
2 29
2 30
2 31
2 33
2 38
2 39
2 46
2 47
2 58
2 60
2 63
2 69
2 72
2 82
2 89
2 93
2 94
2 95
3 4
3 8
3 10
3 11
3 14
3 15
3 16
3 18
3 21
3 25
3 26
3 27
3 41
3 45
3 53
3 54
3 59
3 64
3 66
3 70
3 74
3 92
3 93
3 94
3 95
3 97
4 5
4 6
4 7
4 8
4 9
4 11
4 12
4 13
4 16
4 23
4 26
4 28
4 31
4 32
4 38
4 39
4 40
4 41
4 46
4 48
4 52
4 60
4 62
4 65
4 66
4 67
4 68
4 69
4 71
4 73
4 76
4 84
4 85
5 6
5 7
5 10
5 15
5 17
5 19
5 20
5 23
5 24
5 25
5 27
5 43
5 60
5 63
5 71
5 73
5 80
5 87
5 99
6 13
6 20
6 24
6 28
6 53
6 75
6 79
6 88
7 8
7 9
7 14
7 32
7 50
7 52
7 56
7 61
7 80
8 10
8 42
8 59
8 98
9 22
9 25
9 37
9 44
9 49
9 61
9 62
9 66
9 76
9 82
9 90
10 77
10 98
11 64
11 86
11 92
12 14
12 17
12 18
12 19
12 24
12 37
12 93
13 52
14 21
14 32
14 33
14 40
14 49
14 81
14 91
15 76
16 20
16 31
16 47
16 83
17 36
17 49
18 34
18 35
18 54
18 83
18 94
19 28
19 50
20 51
20 58
20 67
20 77
20 85
21 34
21 35
21 43
21 78
22 98
23 26
23 33
23 36
23 37
23 43
23 44
23 47
23 50
23 57
23 74
24 56
24 58
25 96
26 34
26 42
26 55
26 62
26 74
26 79
27 29
27 30
27 57
28 35
29 30
29 68
29 69
29 77
30 39
30 45
30 55
30 56
30 59
30 72
30 78
31 78
31 81
32 51
34 38
34 55
35 40
35 41
36 44
37 45
38 48
38 54
38 65
39 46
39 53
39 86
41 48
42 90
43 70
43 91
46 71
46 80
47 91
47 96
50 51
50 61
50 89
52 88
54 82
54 87
55 72
56 63
56 84
56 86
58 75
59 88
61 68
61 73
63 64
63 87
64 65
69 89
71 92
72 95
73 84
73 85
74 75
81 83
82 96
82 97
86 99
