# Barabasi-Albert n=50 m=3
# n=50
0 1
0 2
0 3
0 5
0 11
0 12
0 13
0 14
0 15
0 27
0 30
0 31
0 43
0 44
0 48
1 2
1 3
1 4
1 5
1 6
1 7
1 9
1 16
1 29
1 32
1 33
2 3
2 4
2 6
2 20
2 37
3 4
3 7
3 9
3 11
3 13
3 21
3 28
3 29
3 31
3 34
3 36
4 5
4 6
4 8
4 10
4 18
4 22
4 23
4 24
4 26
4 30
4 41
4 49
5 7
5 8
5 9
5 11
5 12
5 15
5 22
5 28
6 13
6 14
6 15
6 18
6 20
6 21
6 27
6 29
6 46
6 47
7 8
8 10
8 16
8 19
8 34
8 41
8 45
9 10
9 17
9 21
9 43
10 12
10 23
10 25
10 26
10 32
10 47
11 22
11 28
11 37
11 38
11 40
12 16
12 25
12 42
13 14
13 17
14 35
15 17
15 18
15 19
15 24
15 26
16 19
16 20
16 24
16 30
17 33
18 23
18 31
19 25
19 43
20 38
21 37
22 41
23 42
25 33
25 39
25 42
26 27
26 35
26 39
26 44
28 36
29 32
30 35
30 36
30 38
30 47
33 34
33 49
34 45
35 46
36 40
37 44
37 45
38 39
39 40
42 48
43 48
44 46
44 49
