# Barabasi-Albert n=100 m=2
# n=100
0 1
0 2
0 6
0 7
0 8
0 10
0 13
0 21
0 23
0 93
1 2
1 3
1 6
1 7
1 12
1 15
1 17
1 19
1 24
1 28
1 37
1 45
1 48
1 63
1 64
1 67
1 86
1 89
1 93
1 95
1 97
2 3
2 4
2 5
2 14
2 22
2 24
2 35
2 36
2 74
3 4
3 5
3 8
3 10
3 22
3 34
3 78
3 86
4 9
4 26
4 73
4 84
5 9
5 11
5 15
5 27
5 30
5 38
5 53
5 68
5 69
5 79
5 91
5 96
6 44
6 52
6 94
6 96
7 13
7 32
7 42
7 92
8 12
8 17
8 21
8 23
8 26
8 51
8 57
8 88
8 95
9 11
9 20
9 33
9 36
9 40
9 41
9 42
9 49
9 58
9 66
9 70
9 84
9 98
10 14
10 18
10 25
10 32
10 39
10 56
11 52
12 16
12 47
13 16
13 50
14 47
15 30
15 37
15 53
15 62
15 76
15 91
16 18
16 20
16 27
16 33
16 35
16 40
16 60
16 69
16 83
17 31
17 83
18 19
18 54
19 39
19 82
20 59
20 99
22 25
22 29
22 38
22 54
22 61
22 85
24 31
24 64
24 77
25 28
25 45
25 72
25 74
25 75
25 80
25 92
26 46
26 71
26 88
27 29
27 44
27 76
27 97
29 46
30 65
30 71
31 60
32 66
33 34
33 82
33 99
35 43
35 49
35 67
37 43
37 51
37 65
37 89
38 50
38 75
38 79
38 85
38 90
39 41
39 58
40 48
40 73
42 55
43 68
43 98
44 81
46 63
48 55
48 59
48 62
49 72
51 61
52 57
53 56
54 90
58 80
59 78
59 94
60 70
62 81
71 87
72 87
76 77
