# Barabasi-Albert n=200 m=2
# n=200
0 1
0 2
0 4
0 5
0 8
0 12
0 13
0 18
0 21
0 27
0 33
0 36
0 37
0 41
0 47
0 52
0 70
0 76
0 87
0 101
0 119
0 122
0 129
0 141
0 157
0 158
0 167
0 171
0 180
0 190
0 192
0 193
1 2
1 3
1 6
1 9
1 14
1 15
1 16
1 31
1 60
1 97
1 98
1 107
1 117
1 120
1 175
1 196
2 3
2 4
2 7
2 11
2 19
2 26
2 36
2 44
2 48
2 64
2 67
2 79
2 82
2 118
2 121
2 126
2 127
2 147
2 155
2 166
3 24
3 39
3 60
3 180
3 188
3 194
4 5
4 19
4 39
4 66
4 67
4 85
4 96
4 106
4 131
4 183
5 6
5 9
5 11
5 30
5 71
5 76
5 156
5 160
5 179
5 184
6 7
6 8
6 13
6 14
6 28
6 29
6 30
6 40
6 51
6 53
6 57
6 63
6 65
6 69
6 73
6 80
6 88
6 108
6 127
6 156
6 160
6 161
6 172
6 197
7 10
7 23
7 58
8 12
8 18
8 21
8 24
8 29
8 43
8 50
8 100
8 106
8 112
8 135
8 146
8 169
9 10
9 17
9 22
9 25
9 84
9 93
9 96
9 104
9 125
10 22
10 59
10 103
10 148
10 165
10 185
11 16
11 44
11 61
11 70
11 138
11 163
11 189
12 15
12 31
12 51
12 147
13 20
13 27
13 32
13 33
13 43
13 49
13 55
13 56
13 66
13 104
13 152
13 166
13 182
13 184
14 20
14 170
15 17
15 25
15 38
15 58
15 68
15 114
15 137
15 191
16 28
16 69
16 176
17 109
17 153
18 95
18 99
18 113
18 136
18 181
19 132
19 181
20 23
20 26
20 62
20 64
20 85
20 116
20 134
20 151
21 34
21 78
21 118
21 124
21 153
21 193
22 126
23 92
23 93
23 114
23 115
25 32
25 35
25 49
25 71
25 79
25 86
25 91
25 94
25 97
25 123
26 34
26 37
26 38
26 74
26 107
26 188
28 42
28 57
28 75
28 88
28 159
28 162
28 173
28 187
28 189
29 101
29 137
29 138
30 46
30 80
30 82
30 92
30 102
30 110
30 111
30 159
30 171
30 195
30 198
31 35
31 155
32 41
32 42
32 75
32 84
32 91
32 100
32 145
34 40
34 72
34 83
34 128
34 165
36 90
36 109
37 148
38 46
38 52
38 152
39 59
39 73
39 174
40 48
40 53
40 125
42 143
43 45
43 47
43 54
43 61
43 77
43 89
43 116
44 45
45 50
45 65
45 122
45 161
46 130
47 54
47 74
47 83
47 98
47 112
47 162
47 177
48 81
48 89
49 174
50 56
50 123
50 149
50 183
50 186
50 199
51 55
52 194
53 154
55 62
55 115
55 133
56 63
56 158
57 133
57 190
58 86
58 139
58 146
58 164
59 68
59 81
59 90
59 143
59 144
60 108
60 185
63 175
63 179
68 72
71 102
72 78
73 105
73 113
73 163
74 129
74 154
76 77
76 87
76 117
79 110
79 111
81 140
81 150
83 103
83 105
83 178
84 94
86 142
91 99
92 95
92 144
95 132
96 140
100 130
102 191
104 157
105 167
108 119
110 121
112 120
112 151
114 145
116 134
117 141
117 164
117 169
117 197
118 131
118 136
119 124
120 139
122 186
123 135
123 142
123 176
124 168
126 150
127 128
132 149
148 168
149 196
150 173
150 182
151 178
155 195
163 198
165 172
168 170
168 177
175 187
188 199
190 192
