# Barabasi-Albert n=50 m=2
# n=50
0 1
0 2
0 3
0 4
0 9
0 12
0 15
0 18
0 22
0 26
0 31
0 32
0 38
0 41
0 43
0 45
1 2
1 3
1 4
1 5
1 8
1 10
1 11
1 12
1 22
1 23
1 26
1 34
1 38
1 42
2 7
2 13
2 17
2 20
2 24
2 28
2 37
2 39
2 40
2 45
3 7
3 10
3 15
3 16
4 5
4 6
4 13
4 35
5 6
5 9
5 16
5 35
6 8
6 14
6 21
7 11
7 17
7 18
7 19
7 25
7 47
8 21
8 23
8 27
8 36
8 47
8 48
10 24
10 28
12 14
12 29
12 46
12 49
13 30
14 19
14 33
16 40
19 20
19 30
19 41
20 31
21 29
22 25
22 27
24 33
25 32
27 34
27 44
27 46
30 36
31 37
31 42
32 43
33 39
33 48
41 44
41 49
