# Erdos-Renyi n=200 p=0.300000
# n=200
0 2
0 3
0 10
0 11
0 16
0 18
0 24
0 28
0 29
0 30
0 32
0 33
0 36
0 37
0 39
0 47
0 52
0 58
0 59
0 69
0 70
0 72
0 73
0 74
0 77
0 81
0 84
0 85
0 89
0 91
0 94
0 97
0 101
0 102
0 108
0 113
0 114
0 118
0 119
0 120
0 124
0 132
0 133
0 134
0 135
0 138
0 140
0 141
0 144
0 147
0 150
0 151
0 153
0 159
0 165
0 166
0 168
0 170
0 174
0 178
0 180
0 191
1 4
1 5
1 8
1 12
1 17
1 25
1 26
1 30
1 31
1 34
1 42
1 46
1 48
1 50
1 52
1 53
1 56
1 57
1 58
1 59
1 60
1 66
1 67
1 70
1 72
1 77
1 78
1 83
1 91
1 93
1 99
1 100
1 102
1 105
1 106
1 109
1 118
1 119
1 132
1 134
1 140
1 142
1 149
1 150
1 154
1 157
1 159
1 161
1 164
1 165
1 172
1 182
1 190
1 193
1 194
1 196
1 199
2 4
2 5
2 10
2 11
2 13
2 18
2 20
2 21
2 27
2 34
2 36
2 40
2 41
2 47
2 50
2 51
2 57
2 58
2 60
2 61
2 64
2 65
2 67
2 68
2 75
2 77
2 79
2 98
2 111
2 113
2 117
2 123
2 136
2 137
2 144
2 145
2 149
2 157
2 161
2 162
2 166
2 171
2 174
2 175
2 179
2 183
2 184
2 193
2 196
3 4
3 6
3 24
3 28
3 30
3 36
3 41
3 43
3 46
3 49
3 51
3 61
3 62
3 67
3 69
3 70
3 71
3 81
3 82
3 88
3 89
3 92
3 93
3 94
3 97
3 101
3 102
3 108
3 110
3 113
3 115
3 117
3 132
3 136
3 145
3 146
3 153
3 154
3 155
3 159
3 160
3 163
3 165
3 168
3 177
3 182
3 183
3 187
3 189
3 198
4 6
4 18
4 19
4 22
4 23
4 26
4 37
4 38
4 40
4 61
4 66
4 69
4 70
4 75
4 76
4 82
4 84
4 90
4 93
4 99
4 100
4 103
4 105
4 115
4 119
4 120
4 121
4 124
4 127
4 130
4 136
4 142
4 144
4 146
4 149
4 152
4 154
4 157
4 159
4 160
4 161
4 165
4 168
4 173
4 175
4 176
4 178
4 181
4 184
4 186
4 192
4 195
4 196
5 6
5 7
5 11
5 14
5 15
5 17
5 19
5 21
5 28
5 39
5 41
5 42
5 45
5 52
5 55
5 61
5 63
5 65
5 67
5 75
5 76
5 81
5 84
5 85
5 86
5 87
5 88
5 90
5 98
5 101
5 104
5 110
5 111
5 115
5 117
5 121
5 123
5 126
5 135
5 137
5 138
5 140
5 141
5 147
5 149
5 152
5 153
5 156
5 162
5 166
5 171
5 175
5 177
5 186
5 187
5 190
5 194
5 195
5 197
6 7
6 11
6 20
6 21
6 23
6 25
6 26
6 29
6 31
6 35
6 37
6 38
6 39
6 46
6 48
6 55
6 58
6 62
6 73
6 74
6 80
6 81
6 82
6 89
6 92
6 93
6 94
6 96
6 103
6 104
6 109
6 117
6 118
6 122
6 125
6 126
6 129
6 133
6 135
6 137
6 139
6 146
6 147
6 151
6 158
6 159
6 162
6 167
6 169
6 171
6 172
6 173
6 175
6 179
6 183
6 187
6 188
6 189
6 191
6 193
6 195
6 196
6 197
7 12
7 28
7 29
7 31
7 45
7 47
7 50
7 51
7 54
7 56
7 59
7 75
7 78
7 86
7 89
7 91
7 95
7 99
7 100
7 105
7 109
7 110
7 111
7 114
7 120
7 125
7 126
7 127
7 130
7 133
7 135
7 138
7 140
7 145
7 146
7 147
7 149
7 160
7 165
7 166
7 170
7 174
7 180
7 196
8 9
8 14
8 18
8 25
8 28
8 31
8 34
8 36
8 38
8 43
8 46
8 47
8 48
8 54
8 55
8 58
8 63
8 64
8 74
8 75
8 81
8 82
8 86
8 87
8 90
8 92
8 93
8 97
8 98
8 99
8 102
8 103
8 108
8 114
8 115
8 117
8 120
8 122
8 123
8 136
8 138
8 140
8 142
8 152
8 154
8 155
8 158
8 159
8 164
8 168
8 176
8 177
8 182
8 183
8 185
8 187
8 194
9 14
9 15
9 22
9 28
9 33
9 34
9 39
9 51
9 53
9 57
9 59
9 65
9 68
9 71
9 77
9 78
9 80
9 87
9 93
9 94
9 95
9 97
9 99
9 116
9 118
9 131
9 135
9 142
9 147
9 149
9 151
9 153
9 154
9 158
9 168
9 170
9 176
9 177
9 179
9 181
9 183
9 186
9 198
10 14
10 15
10 17
10 19
10 21
10 22
10 24
10 37
10 38
10 39
10 44
10 46
10 54
10 55
10 56
10 57
10 58
10 59
10 64
10 66
10 67
10 70
10 71
10 72
10 73
10 78
10 82
10 93
10 100
10 104
10 107
10 109
10 112
10 116
10 118
10 125
10 129
10 137
10 138
10 140
10 143
10 146
10 148
10 151
10 153
10 158
10 160
10 161
10 166
10 167
10 168
10 173
10 176
10 177
10 187
10 192
10 194
11 14
11 16
11 17
11 19
11 22
11 24
11 25
11 26
11 29
11 35
11 36
11 42
11 45
11 46
11 47
11 49
11 54
11 57
11 69
11 70
11 71
11 73
11 74
11 77
11 81
11 84
11 88
11 91
11 96
11 101
11 104
11 108
11 110
11 112
11 117
11 121
11 123
11 130
11 134
11 135
11 136
11 138
11 139
11 141
11 142
11 144
11 150
11 153
11 156
11 159
11 169
11 170
11 172
11 173
11 174
11 175
11 176
11 177
11 181
11 184
11 187
11 190
11 193
11 194
11 195
11 199
12 14
12 19
12 20
12 23
12 30
12 33
12 34
12 36
12 41
12 47
12 48
12 51
12 55
12 58
12 60
12 63
12 67
12 69
12 74
12 75
12 77
12 79
12 84
12 86
12 87
12 91
12 95
12 105
12 110
12 111
12 112
12 113
12 114
12 117
12 118
12 119
12 121
12 124
12 127
12 136
12 137
12 138
12 140
12 143
12 147
12 149
12 151
12 152
12 154
12 156
12 159
12 162
12 165
12 166
12 168
12 175
12 176
12 181
12 184
12 186
12 187
12 188
12 189
12 192
12 199
13 17
13 24
13 29
13 36
13 41
13 45
13 49
13 51
13 52
13 57
13 69
13 74
13 75
13 76
13 80
13 81
13 86
13 91
13 94
13 95
13 101
13 103
13 107
13 108
13 109
13 112
13 114
13 120
13 122
13 123
13 126
13 127
13 131
13 138
13 139
13 140
13 149
13 151
13 157
13 161
13 167
13 168
13 170
13 171
13 182
13 186
13 188
13 189
13 191
13 192
14 19
14 22
14 23
14 24
14 25
14 27
14 29
14 31
14 34
14 40
14 48
14 49
14 51
14 59
14 60
14 63
14 64
14 68
14 74
14 75
14 82
14 83
14 85
14 90
14 91
14 94
14 97
14 98
14 100
14 104
14 115
14 122
14 125
14 126
14 127
14 129
14 133
14 138
14 140
14 141
14 143
14 145
14 151
14 153
14 156
14 167
14 168
14 176
14 177
14 178
14 181
14 183
14 185
14 188
14 191
14 194
14 195
14 196
14 199
15 16
15 18
15 21
15 22
15 24
15 26
15 27
15 32
15 39
15 42
15 44
15 46
15 47
15 53
15 60
15 65
15 73
15 75
15 83
15 86
15 91
15 92
15 94
15 95
15 99
15 105
15 107
15 113
15 114
15 119
15 126
15 129
15 130
15 131
15 135
15 138
15 141
15 142
15 147
15 155
15 157
15 162
15 163
15 167
15 169
15 170
15 171
15 178
15 179
15 187
15 196
16 17
16 18
16 20
16 23
16 24
16 31
16 34
16 37
16 38
16 39
16 41
16 42
16 47
16 49
16 50
16 54
16 57
16 63
16 69
16 71
16 76
16 79
16 80
16 90
16 92
16 97
16 103
16 107
16 108
16 111
16 118
16 119
16 120
16 122
16 124
16 125
16 126
16 131
16 132
16 135
16 137
16 138
16 142
16 144
16 153
16 155
16 159
16 160
16 162
16 165
16 167
16 169
16 170
16 177
16 182
16 186
16 187
16 189
16 190
16 194
16 199
17 18
17 20
17 21
17 28
17 31
17 33
17 34
17 37
17 38
17 41
17 43
17 45
17 46
17 48
17 51
17 52
17 55
17 57
17 64
17 65
17 66
17 68
17 69
17 70
17 77
17 78
17 82
17 84
17 85
17 87
17 91
17 99
17 105
17 107
17 108
17 124
17 127
17 130
17 131
17 133
17 134
17 136
17 138
17 140
17 141
17 142
17 149
17 150
17 153
17 154
17 158
17 164
17 165
17 179
17 180
17 181
17 188
17 190
17 191
17 193
17 196
17 197
18 19
18 20
18 23
18 24
18 27
18 28
18 32
18 33
18 34
18 39
18 40
18 41
18 53
18 56
18 57
18 64
18 65
18 68
18 72
18 74
18 75
18 78
18 82
18 83
18 87
18 89
18 90
18 93
18 94
18 98
18 99
18 100
18 109
18 114
18 115
18 116
18 117
18 120
18 122
18 126
18 127
18 130
18 135
18 141
18 142
18 143
18 145
18 148
18 149
18 152
18 156
18 157
18 167
18 169
18 170
18 173
18 176
18 181
18 182
18 184
18 185
18 192
18 196
18 197
19 26
19 28
19 32
19 35
19 37
19 41
19 44
19 45
19 46
19 49
19 55
19 56
19 72
19 73
19 79
19 83
19 84
19 87
19 90
19 93
19 95
19 96
19 97
19 98
19 102
19 104
19 108
19 110
19 111
19 112
19 113
19 114
19 116
19 118
19 125
19 128
19 131
19 141
19 144
19 145
19 146
19 147
19 152
19 162
19 164
19 166
19 169
19 171
19 173
19 183
19 187
19 193
19 194
20 22
20 28
20 32
20 33
20 34
20 35
20 36
20 39
20 49
20 51
20 55
20 61
20 63
20 64
20 68
20 72
20 74
20 75
20 78
20 80
20 82
20 83
20 85
20 87
20 91
20 93
20 95
20 96
20 102
20 104
20 105
20 110
20 111
20 114
20 116
20 119
20 129
20 130
20 131
20 133
20 140
20 142
20 144
20 146
20 150
20 154
20 159
20 160
20 168
20 170
20 171
20 175
20 176
20 178
20 184
20 186
20 189
20 190
20 192
20 197
20 198
21 31
21 32
21 34
21 35
21 40
21 42
21 43
21 44
21 47
21 51
21 57
21 58
21 66
21 72
21 74
21 79
21 82
21 85
21 88
21 93
21 94
21 95
21 101
21 102
21 113
21 114
21 116
21 117
21 125
21 126
21 127
21 129
21 131
21 144
21 148
21 150
21 156
21 158
21 162
21 163
21 164
21 165
21 168
21 175
21 176
21 177
21 187
21 188
21 191
22 28
22 30
22 34
22 51
22 52
22 53
22 54
22 55
22 59
22 61
22 65
22 72
22 74
22 83
22 84
22 87
22 91
22 92
22 93
22 96
22 98
22 99
22 100
22 104
22 105
22 111
22 112
22 113
22 114
22 116
22 117
22 118
22 123
22 127
22 128
22 129
22 132
22 133
22 135
22 143
22 148
22 152
22 153
22 161
22 162
22 166
22 167
22 169
22 174
22 180
22 184
22 187
22 188
22 190
22 191
22 194
22 197
23 24
23 25
23 32
23 34
23 36
23 48
23 51
23 56
23 57
23 64
23 65
23 70
23 73
23 74
23 81
23 88
23 90
23 92
23 93
23 95
23 102
23 104
23 113
23 114
23 116
23 121
23 122
23 129
23 130
23 133
23 135
23 138
23 139
23 142
23 145
23 146
23 150
23 154
23 162
23 163
23 164
23 167
23 168
23 171
23 174
23 180
23 183
23 185
23 189
23 193
24 26
24 27
24 29
24 32
24 33
24 37
24 38
24 40
24 41
24 42
24 48
24 50
24 53
24 56
24 62
24 63
24 66
24 67
24 68
24 71
24 72
24 75
24 76
24 77
24 79
24 84
24 85
24 86
24 89
24 92
24 94
24 96
24 102
24 107
24 108
24 110
24 118
24 119
24 121
24 122
24 123
24 124
24 125
24 128
24 129
24 131
24 139
24 141
24 145
24 147
24 152
24 159
24 163
24 165
24 173
24 175
24 176
24 177
24 178
24 180
24 183
24 186
24 193
24 194
24 195
24 198
25 28
25 32
25 34
25 39
25 40
25 42
25 44
25 52
25 53
25 54
25 64
25 65
25 67
25 71
25 73
25 78
25 79
25 81
25 82
25 84
25 89
25 91
25 92
25 96
25 107
25 108
25 110
25 111
25 114
25 125
25 127
25 130
25 131
25 133
25 139
25 147
25 149
25 156
25 157
25 159
25 160
25 161
25 162
25 163
25 167
25 169
25 170
25 178
25 180
25 181
25 182
25 183
25 184
25 186
25 192
25 199
26 28
26 31
26 34
26 37
26 43
26 45
26 48
26 54
26 55
26 58
26 61
26 65
26 71
26 79
26 81
26 85
26 87
26 98
26 99
26 108
26 112
26 114
26 116
26 117
26 119
26 120
26 123
26 129
26 132
26 133
26 135
26 139
26 140
26 147
26 151
26 155
26 157
26 158
26 160
26 166
26 168
26 169
26 171
26 173
26 175
26 176
26 178
26 180
26 181
26 185
26 187
26 188
26 195
27 33
27 34
27 44
27 46
27 50
27 58
27 61
27 62
27 68
27 70
27 77
27 78
27 84
27 87
27 90
27 94
27 95
27 96
27 100
27 102
27 104
27 106
27 108
27 110
27 116
27 132
27 133
27 137
27 141
27 148
27 150
27 151
27 152
27 154
27 156
27 158
27 159
27 162
27 164
27 168
27 176
27 177
27 180
27 185
27 190
27 193
27 195
27 196
28 30
28 37
28 46
28 51
28 52
28 54
28 56
28 57
28 60
28 61
28 62
28 68
28 70
28 73
28 75
28 77
28 81
28 83
28 87
28 98
28 103
28 114
28 117
28 119
28 122
28 123
28 135
28 137
28 138
28 142
28 146
28 149
28 152
28 159
28 161
28 165
28 167
28 168
28 169
28 172
28 173
28 178
28 179
28 180
28 181
28 184
28 186
28 194
29 30
29 33
29 35
29 42
29 45
29 49
29 51
29 52
29 53
29 56
29 57
29 58
29 61
29 63
29 64
29 67
29 68
29 69
29 70
29 80
29 81
29 85
29 86
29 87
29 91
29 93
29 94
29 96
29 99
29 105
29 117
29 120
29 123
29 127
29 128
29 131
29 132
29 135
29 147
29 148
29 151
29 157
29 163
29 170
29 171
29 174
29 175
29 178
29 179
29 181
29 195
29 196
29 197
29 198
30 34
30 36
30 40
30 41
30 45
30 48
30 52
30 53
30 57
30 62
30 70
30 73
30 74
30 75
30 77
30 84
30 85
30 87
30 89
30 98
30 100
30 101
30 102
30 106
30 108
30 110
30 113
30 115
30 126
30 128
30 131
30 132
30 135
30 138
30 145
30 148
30 150
30 152
30 156
30 162
30 166
30 171
30 172
30 180
30 182
30 184
30 187
30 192
31 32
31 38
31 40
31 43
31 44
31 46
31 48
31 49
31 55
31 59
31 62
31 65
31 66
31 72
31 73
31 84
31 86
31 87
31 89
31 90
31 92
31 98
31 99
31 101
31 102
31 108
31 117
31 120
31 123
31 124
31 128
31 130
31 135
31 141
31 143
31 145
31 149
31 150
31 152
31 153
31 155
31 156
31 157
31 159
31 162
31 164
31 166
31 169
31 170
31 172
31 173
31 174
31 178
31 179
31 184
31 189
31 190
31 194
32 33
32 34
32 46
32 49
32 50
32 53
32 55
32 57
32 58
32 61
32 62
32 63
32 69
32 74
32 79
32 83
32 84
32 92
32 94
32 96
32 101
32 103
32 109
32 113
32 115
32 117
32 120
32 122
32 126
32 128
32 131
32 143
32 148
32 151
32 153
32 155
32 157
32 160
32 161
32 162
32 168
32 172
32 175
32 177
32 183
32 192
32 197
32 198
32 199
33 35
33 36
33 40
33 42
33 45
33 60
33 62
33 63
33 65
33 69
33 75
33 76
33 85
33 96
33 97
33 98
33 101
33 103
33 105
33 106
33 109
33 112
33 114
33 115
33 118
33 119
33 121
33 122
33 123
33 124
33 127
33 128
33 131
33 141
33 142
33 144
33 145
33 148
33 151
33 152
33 154
33 159
33 161
33 162
33 165
33 170
33 174
33 179
33 182
33 183
33 185
33 191
33 192
33 199
34 40
34 41
34 47
34 48
34 50
34 52
34 53
34 57
34 60
34 62
34 63
34 68
34 73
34 74
34 78
34 85
34 90
34 93
34 94
34 107
34 110
34 112
34 113
34 114
34 115
34 117
34 118
34 122
34 126
34 128
34 132
34 136
34 140
34 142
34 143
34 144
34 146
34 150
34 155
34 158
34 164
34 165
34 170
34 174
34 179
34 180
34 182
34 183
34 184
34 190
34 191
34 194
34 196
35 47
35 48
35 49
35 53
35 55
35 69
35 71
35 81
35 84
35 92
35 95
35 97
35 100
35 104
35 107
35 109
35 112
35 114
35 117
35 120
35 121
35 125
35 126
35 129
35 130
35 131
35 137
35 141
35 145
35 147
35 148
35 151
35 154
35 155
35 158
35 159
35 165
35 168
35 169
35 172
35 174
35 179
35 182
35 194
35 195
35 196
35 199
36 38
36 39
36 42
36 43
36 45
36 47
36 51
36 55
36 64
36 68
36 70
36 72
36 73
36 77
36 80
36 83
36 89
36 90
36 93
36 94
36 99
36 102
36 108
36 115
36 118
36 122
36 131
36 135
36 137
36 138
36 139
36 142
36 146
36 147
36 155
36 157
36 158
36 166
36 172
36 173
36 174
36 175
36 178
36 190
36 194
36 195
36 198
37 39
37 40
37 42
37 43
37 46
37 49
37 50
37 52
37 59
37 60
37 62
37 74
37 80
37 83
37 85
37 87
37 89
37 92
37 94
37 95
37 99
37 108
37 110
37 112
37 113
37 115
37 120
37 123
37 124
37 125
37 127
37 129
37 132
37 133
37 135
37 137
37 140
37 142
37 143
37 147
37 148
37 151
37 154
37 158
37 165
37 167
37 175
37 178
37 185
37 186
37 198
37 199
38 40
38 43
38 45
38 48
38 49
38 50
38 52
38 54
38 55
38 57
38 61
38 63
38 64
38 67
38 68
38 84
38 85
38 87
38 89
38 90
38 91
38 94
38 96
38 99
38 100
38 102
38 110
38 114
38 115
38 126
38 127
38 133
38 142
38 143
38 146
38 147
38 148
38 153
38 154
38 158
38 160
38 162
38 166
38 168
38 170
38 174
38 176
38 177
38 180
38 181
38 184
38 185
38 186
38 187
38 189
38 190
38 197
39 43
39 47
39 48
39 50
39 53
39 59
39 69
39 70
39 72
39 76
39 77
39 82
39 84
39 92
39 99
39 100
39 103
39 108
39 113
39 116
39 120
39 125
39 127
39 129
39 132
39 135
39 136
39 142
39 148
39 151
39 154
39 161
39 162
39 164
39 167
39 168
39 174
39 178
39 181
39 182
39 184
39 186
39 193
40 41
40 45
40 50
40 60
40 61
40 63
40 64
40 69
40 76
40 77
40 78
40 80
40 88
40 91
40 93
40 100
40 101
40 104
40 107
40 111
40 115
40 121
40 122
40 123
40 125
40 127
40 128
40 135
40 136
40 149
40 150
40 153
40 165
40 166
40 167
40 175
40 176
40 178
40 186
40 187
40 192
40 193
40 195
40 198
41 44
41 45
41 46
41 50
41 52
41 57
41 60
41 72
41 81
41 83
41 86
41 88
41 91
41 108
41 111
41 113
41 123
41 124
41 131
41 132
41 133
41 135
41 137
41 141
41 144
41 146
41 149
41 150
41 157
41 160
41 165
41 173
41 175
41 178
41 179
41 180
41 183
41 185
41 187
41 189
41 190
42 45
42 49
42 50
42 53
42 55
42 59
42 62
42 63
42 71
42 72
42 74
42 78
42 84
42 87
42 93
42 95
42 98
42 101
42 114
42 120
42 122
42 127
42 131
42 133
42 136
42 141
42 144
42 151
42 154
42 160
42 171
42 173
42 177
42 186
42 192
42 195
42 198
43 47
43 48
43 50
43 62
43 68
43 69
43 79
43 80
43 81
43 87
43 89
43 90
43 96
43 98
43 99
43 100
43 101
43 102
43 103
43 105
43 108
43 109
43 113
43 116
43 120
43 124
43 128
43 132
43 139
43 140
43 141
43 144
43 146
43 147
43 162
43 166
43 169
43 177
43 178
43 180
43 185
43 186
43 189
43 190
43 196
44 47
44 51
44 52
44 57
44 59
44 60
44 62
44 63
44 65
44 66
44 67
44 69
44 70
44 72
44 77
44 78
44 80
44 81
44 86
44 89
44 91
44 93
44 96
44 103
44 111
44 113
44 118
44 121
44 123
44 124
44 125
44 132
44 141
44 143
44 144
44 145
44 146
44 147
44 155
44 157
44 158
44 162
44 163
44 166
44 170
44 175
44 178
44 190
44 192
44 196
44 198
45 47
45 48
45 50
45 51
45 52
45 53
45 55
45 56
45 57
45 62
45 63
45 64
45 65
45 67
45 68
45 70
45 74
45 77
45 79
45 84
45 88
45 93
45 94
45 95
45 97
45 100
45 102
45 103
45 104
45 107
45 111
45 113
45 114
45 115
45 117
45 119
45 120
45 121
45 125
45 127
45 128
45 129
45 134
45 136
45 141
45 142
45 146
45 148
45 149
45 156
45 160
45 162
45 163
45 180
45 181
45 183
45 189
45 196
45 197
46 47
46 53
46 54
46 56
46 57
46 61
46 71
46 72
46 73
46 74
46 75
46 76
46 77
46 80
46 90
46 95
46 96
46 99
46 100
46 106
46 107
46 108
46 110
46 115
46 116
46 132
46 139
46 140
46 143
46 147
46 148
46 151
46 153
46 157
46 159
46 160
46 166
46 167
46 170
46 171
46 172
46 178
46 185
46 187
46 189
46 196
46 197
47 50
47 52
47 53
47 59
47 63
47 66
47 70
47 74
47 81
47 82
47 83
47 84
47 87
47 89
47 92
47 93
47 96
47 98
47 101
47 113
47 117
47 119
47 120
47 122
47 123
47 128
47 134
47 141
47 146
47 151
47 153
47 156
47 163
47 165
47 166
47 167
47 168
47 173
47 175
47 177
47 178
47 179
47 188
47 189
47 190
47 192
47 199
48 59
48 66
48 67
48 79
48 83
48 89
48 92
48 93
48 95
48 96
48 98
48 100
48 102
48 105
48 113
48 115
48 122
48 127
48 128
48 133
48 134
48 137
48 140
48 141
48 142
48 143
48 144
48 145
48 147
48 156
48 167
48 174
48 175
48 190
48 191
48 195
49 52
49 54
49 61
49 63
49 69
49 73
49 74
49 75
49 76
49 78
49 80
49 86
49 98
49 99
49 100
49 104
49 105
49 109
49 112
49 116
49 117
49 120
49 122
49 123
49 129
49 134
49 143
49 149
49 154
49 160
49 167
49 171
49 174
49 176
49 180
49 181
49 184
49 188
49 189
49 190
49 194
49 197
49 199
50 55
50 56
50 58
50 60
50 62
50 65
50 70
50 74
50 76
50 77
50 81
50 82
50 85
50 96
50 102
50 104
50 105
50 106
50 110
50 118
50 120
50 135
50 136
50 139
50 141
50 145
50 148
50 150
50 151
50 153
50 156
50 158
50 163
50 164
50 165
50 166
50 168
50 170
50 174
50 175
50 176
50 177
50 183
50 186
50 189
50 190
50 193
50 195
50 196
51 54
51 56
51 57
51 58
51 59
51 61
51 68
51 76
51 78
51 81
51 85
51 98
51 99
51 101
51 107
51 110
51 111
51 113
51 116
51 124
51 128
51 130
51 137
51 141
51 145
51 150
51 151
51 155
51 156
51 158
51 159
51 161
51 164
51 168
51 169
51 174
51 175
51 179
51 181
51 183
51 185
51 190
51 191
51 196
52 53
52 58
52 60
52 69
52 70
52 71
52 73
52 76
52 79
52 84
52 87
52 88
52 90
52 93
52 95
52 100
52 101
52 113
52 115
52 116
52 120
52 124
52 125
52 127
52 129
52 130
52 133
52 134
52 136
52 143
52 144
52 146
52 150
52 155
52 161
52 162
52 163
52 164
52 165
52 167
52 168
52 170
52 172
52 175
52 176
52 179
52 181
52 185
52 190
52 191
52 193
53 58
53 63
53 64
53 68
53 71
53 72
53 78
53 83
53 84
53 86
53 87
53 89
53 97
53 101
53 106
53 108
53 121
53 122
53 125
53 132
53 135
53 140
53 142
53 147
53 151
53 159
53 160
53 165
53 168
53 169
53 170
53 177
53 182
53 183
53 187
53 188
53 189
53 193
53 194
53 195
53 196
53 199
54 55
54 58
54 60
54 64
54 65
54 67
54 68
54 74
54 75
54 78
54 80
54 94
54 97
54 98
54 99
54 102
54 106
54 110
54 113
54 119
54 122
54 123
54 125
54 129
54 132
54 133
54 138
54 143
54 150
54 151
54 156
54 159
54 162
54 163
54 165
54 167
54 172
54 173
54 179
54 181
54 183
54 187
54 189
54 191
54 195
54 196
55 57
55 58
55 60
55 61
55 63
55 64
55 67
55 73
55 77
55 80
55 83
55 85
55 86
55 89
55 96
55 97
55 100
55 102
55 120
55 126
55 127
55 132
55 139
55 142
55 145
55 147
55 152
55 154
55 156
55 157
55 161
55 163
55 166
55 167
55 170
55 174
55 175
55 178
55 181
55 182
55 183
55 184
55 188
55 189
55 192
55 193
55 194
55 195
55 197
56 58
56 62
56 65
56 66
56 68
56 69
56 70
56 74
56 77
56 78
56 80
56 92
56 93
56 96
56 100
56 105
56 110
56 112
56 113
56 115
56 118
56 119
56 120
56 124
56 125
56 132
56 133
56 134
56 135
56 138
56 139
56 140
56 142
56 143
56 145
56 148
56 150
56 155
56 156
56 157
56 158
56 160
56 164
56 165
56 167
56 171
56 172
56 186
56 195
56 198
57 59
57 63
57 68
57 69
57 71
57 73
57 75
57 76
57 89
57 94
57 95
57 97
57 98
57 104
57 108
57 115
57 121
57 122
57 124
57 128
57 132
57 134
57 136
57 137
57 138
57 140
57 143
57 146
57 150
57 157
57 159
57 160
57 161
57 163
57 165
57 166
57 168
57 169
57 173
57 174
57 182
57 183
57 184
57 190
57 192
57 193
57 197
57 198
58 59
58 67
58 68
58 69
58 72
58 78
58 82
58 85
58 86
58 88
58 89
58 94
58 96
58 98
58 100
58 102
58 106
58 107
58 109
58 116
58 117
58 123
58 124
58 128
58 130
58 134
58 142
58 149
58 150
58 151
58 155
58 157
58 159
58 163
58 164
58 168
58 169
58 171
58 173
58 182
58 183
58 184
58 185
58 186
58 187
58 189
58 192
58 193
58 196
58 198
59 67
59 75
59 76
59 80
59 82
59 84
59 85
59 87
59 93
59 109
59 111
59 113
59 114
59 130
59 141
59 144
59 146
59 151
59 161
59 169
59 172
59 174
59 175
59 177
59 180
59 181
59 184
59 198
60 62
60 64
60 66
60 68
60 77
60 80
60 84
60 85
60 90
60 93
60 95
60 103
60 106
60 117
60 119
60 120
60 121
60 123
60 125
60 128
60 129
60 139
60 143
60 146
60 147
60 148
60 153
60 155
60 157
60 159
60 160
60 163
60 164
60 166
60 170
60 172
60 174
60 178
60 179
60 182
60 190
60 191
60 199
61 66
61 76
61 78
61 79
61 98
61 100
61 103
61 106
61 107
61 110
61 111
61 112
61 114
61 115
61 116
61 122
61 123
61 124
61 132
61 133
61 138
61 141
61 142
61 146
61 148
61 149
61 153
61 155
61 161
61 168
61 169
61 170
61 171
61 172
61 173
61 176
61 178
61 180
61 181
61 186
61 187
61 189
61 190
61 191
61 194
61 195
61 197
61 198
62 69
62 70
62 73
62 81
62 82
62 83
62 86
62 92
62 100
62 108
62 109
62 111
62 115
62 117
62 119
62 120
62 123
62 127
62 132
62 134
62 138
62 139
62 140
62 144
62 145
62 149
62 153
62 157
62 158
62 160
62 162
62 164
62 168
62 170
62 173
62 174
62 176
62 181
62 185
62 186
62 194
62 195
62 196
63 66
63 67
63 72
63 75
63 77
63 81
63 85
63 95
63 97
63 100
63 103
63 104
63 109
63 114
63 123
63 125
63 128
63 130
63 133
63 134
63 137
63 140
63 142
63 147
63 155
63 157
63 168
63 172
63 174
63 179
63 183
63 184
63 187
63 191
63 198
63 199
64 65
64 69
64 73
64 80
64 82
64 83
64 88
64 90
64 91
64 93
64 101
64 103
64 105
64 111
64 118
64 119
64 121
64 122
64 125
64 130
64 132
64 140
64 145
64 147
64 152
64 155
64 157
64 168
64 171
64 172
64 174
64 175
64 178
64 179
64 189
64 197
65 67
65 68
65 82
65 87
65 94
65 95
65 99
65 105
65 106
65 107
65 115
65 118
65 119
65 124
65 125
65 127
65 133
65 139
65 141
65 144
65 146
65 147
65 148
65 152
65 153
65 155
65 160
65 163
65 164
65 165
65 168
65 170
65 172
65 174
65 175
65 176
65 179
65 181
65 184
65 186
65 188
65 190
65 194
66 69
66 70
66 72
66 79
66 81
66 84
66 85
66 90
66 99
66 103
66 105
66 106
66 109
66 117
66 122
66 127
66 128
66 129
66 132
66 134
66 140
66 148
66 149
66 155
66 160
66 165
66 169
66 177
66 178
66 183
66 187
66 193
67 68
67 71
67 75
67 78
67 80
67 81
67 94
67 95
67 96
67 99
67 100
67 101
67 104
67 105
67 106
67 110
67 113
67 115
67 116
67 117
67 127
67 128
67 129
67 130
67 131
67 133
67 135
67 142
67 144
67 145
67 146
67 147
67 149
67 150
67 151
67 154
67 155
67 157
67 159
67 167
67 171
67 175
67 177
67 178
67 179
67 185
67 188
67 189
67 190
67 192
67 195
67 196
68 69
68 71
68 72
68 80
68 89
68 96
68 98
68 101
68 103
68 118
68 121
68 127
68 131
68 135
68 136
68 138
68 139
68 140
68 141
68 144
68 145
68 146
68 148
68 149
68 159
68 164
68 169
68 170
68 174
68 175
68 178
68 180
68 185
68 186
68 195
69 70
69 75
69 77
69 78
69 81
69 82
69 84
69 86
69 89
69 91
69 92
69 94
69 97
69 98
69 102
69 107
69 108
69 112
69 113
69 115
69 119
69 120
69 126
69 131
69 132
69 140
69 141
69 144
69 145
69 150
69 158
69 160
69 161
69 163
69 167
69 168
69 180
69 181
69 182
69 184
69 188
69 191
69 193
69 197
69 199
70 74
70 77
70 79
70 81
70 83
70 87
70 89
70 99
70 103
70 104
70 106
70 107
70 112
70 121
70 127
70 128
70 129
70 133
70 134
70 140
70 148
70 149
70 151
70 152
70 153
70 155
70 164
70 170
70 171
70 181
70 187
70 195
71 75
71 77
71 79
71 80
71 82
71 84
71 86
71 88
71 89
71 90
71 92
71 96
71 99
71 100
71 106
71 108
71 112
71 123
71 127
71 134
71 148
71 149
71 153
71 155
71 156
71 157
71 161
71 163
71 166
71 168
71 171
71 174
71 176
71 178
71 181
71 183
71 184
71 185
71 187
71 188
71 189
71 195
71 197
71 198
72 74
72 77
72 78
72 81
72 82
72 83
72 87
72 92
72 96
72 100
72 110
72 113
72 115
72 116
72 123
72 127
72 129
72 135
72 137
72 138
72 140
72 142
72 149
72 151
72 152
72 155
72 157
72 166
72 167
72 170
72 179
72 180
72 188
72 189
72 190
72 192
72 193
72 194
72 198
73 86
73 91
73 100
73 101
73 106
73 108
73 111
73 112
73 114
73 118
73 120
73 125
73 129
73 133
73 134
73 138
73 139
73 140
73 141
73 146
73 148
73 150
73 154
73 161
73 162
73 168
73 171
73 175
73 176
73 179
73 182
74 76
74 79
74 80
74 81
74 88
74 92
74 93
74 94
74 97
74 102
74 104
74 105
74 110
74 112
74 113
74 114
74 116
74 118
74 120
74 122
74 135
74 143
74 148
74 159
74 161
74 163
74 169
74 172
74 173
74 174
74 184
74 189
74 190
74 194
74 198
74 199
75 77
75 78
75 82
75 85
75 87
75 90
75 94
75 98
75 104
75 106
75 108
75 111
75 116
75 121
75 126
75 127
75 131
75 133
75 139
75 146
75 152
75 165
75 182
75 183
75 186
75 187
75 188
75 192
75 194
75 198
76 77
76 80
76 82
76 86
76 87
76 91
76 95
76 96
76 97
76 103
76 105
76 111
76 114
76 124
76 125
76 127
76 128
76 129
76 135
76 145
76 149
76 154
76 160
76 165
76 176
76 177
76 178
76 180
76 183
76 184
76 185
76 186
76 196
76 199
77 78
77 79
77 82
77 92
77 94
77 95
77 97
77 100
77 104
77 114
77 119
77 123
77 130
77 134
77 137
77 141
77 142
77 143
77 151
77 153
77 156
77 160
77 161
77 162
77 163
77 173
77 175
77 176
77 182
77 183
77 184
77 190
77 192
77 193
77 195
78 85
78 86
78 90
78 91
78 93
78 97
78 100
78 102
78 103
78 112
78 114
78 120
78 121
78 122
78 127
78 128
78 129
78 139
78 140
78 142
78 144
78 146
78 159
78 164
78 165
78 170
78 171
78 172
78 175
78 178
78 180
78 182
78 184
78 185
78 186
78 191
78 192
78 197
79 80
79 89
79 93
79 94
79 97
79 98
79 99
79 103
79 106
79 107
79 112
79 117
79 119
79 121
79 125
79 126
79 127
79 131
79 136
79 140
79 143
79 151
79 153
79 155
79 157
79 160
79 162
79 166
79 168
79 171
79 176
79 177
79 179
79 182
79 183
79 184
79 187
79 190
79 192
79 199
80 81
80 84
80 86
80 92
80 94
80 95
80 101
80 106
80 107
80 110
80 116
80 117
80 126
80 134
80 138
80 139
80 142
80 146
80 148
80 149
80 157
80 165
80 166
80 167
80 173
80 178
80 183
80 184
80 186
80 192
80 197
80 198
81 82
81 84
81 92
81 93
81 106
81 107
81 110
81 115
81 116
81 118
81 119
81 123
81 132
81 140
81 141
81 144
81 149
81 151
81 152
81 158
81 165
81 172
81 173
81 177
81 180
81 181
81 184
81 185
81 187
81 189
81 193
81 196
81 197
81 198
82 83
82 88
82 89
82 91
82 103
82 106
82 109
82 116
82 117
82 118
82 119
82 121
82 128
82 129
82 137
82 139
82 143
82 146
82 153
82 154
82 157
82 161
82 168
82 169
82 171
82 180
82 193
82 199
83 88
83 89
83 94
83 98
83 99
83 102
83 112
83 113
83 114
83 117
83 118
83 121
83 125
83 127
83 132
83 137
83 145
83 155
83 159
83 163
83 165
83 166
83 171
83 178
83 181
83 182
83 185
83 186
83 188
83 190
83 192
83 196
83 199
84 93
84 99
84 100
84 101
84 102
84 104
84 107
84 108
84 109
84 111
84 112
84 115
84 118
84 119
84 122
84 123
84 124
84 129
84 134
84 138
84 140
84 143
84 144
84 147
84 154
84 160
84 161
84 162
84 163
84 170
84 171
84 176
84 177
84 178
84 179
84 183
84 187
84 196
84 197
84 199
85 90
85 92
85 99
85 101
85 102
85 103
85 106
85 107
85 110
85 111
85 113
85 115
85 120
85 123
85 136
85 137
85 139
85 144
85 151
85 152
85 160
85 162
85 163
85 165
85 168
85 172
85 174
85 175
85 176
85 189
85 190
85 191
85 192
85 196
86 92
86 93
86 95
86 96
86 97
86 102
86 110
86 111
86 114
86 115
86 119
86 121
86 136
86 138
86 141
86 142
86 144
86 148
86 151
86 153
86 154
86 155
86 160
86 161
86 163
86 166
86 168
86 178
86 180
86 187
86 188
86 195
86 196
86 198
87 90
87 93
87 98
87 100
87 101
87 107
87 111
87 114
87 115
87 125
87 126
87 127
87 129
87 130
87 134
87 135
87 137
87 141
87 144
87 145
87 146
87 147
87 150
87 153
87 156
87 158
87 164
87 165
87 168
87 172
87 178
87 180
87 181
87 182
87 184
87 185
87 187
87 188
87 191
87 194
87 197
87 198
88 93
88 96
88 98
88 102
88 103
88 104
88 105
88 108
88 110
88 117
88 121
88 123
88 125
88 126
88 134
88 135
88 137
88 139
88 144
88 145
88 149
88 150
88 155
88 157
88 159
88 160
88 162
88 164
88 166
88 170
88 171
88 172
88 174
88 177
88 181
88 183
88 184
88 186
88 190
88 193
88 198
89 90
89 93
89 94
89 95
89 96
89 97
89 100
89 101
89 108
89 114
89 115
89 118
89 119
89 122
89 124
89 126
89 127
89 134
89 137
89 140
89 141
89 142
89 143
89 144
89 148
89 149
89 150
89 151
89 152
89 156
89 158
89 159
89 161
89 169
89 173
89 175
89 178
89 181
89 188
89 189
89 198
90 93
90 96
90 99
90 103
90 105
90 106
90 108
90 110
90 111
90 116
90 118
90 119
90 124
90 126
90 129
90 133
90 137
90 138
90 139
90 141
90 142
90 143
90 150
90 155
90 162
90 163
90 166
90 167
90 170
90 171
90 173
90 174
90 180
90 183
90 185
90 189
90 191
90 193
90 194
90 196
91 93
91 97
91 98
91 101
91 105
91 110
91 111
91 112
91 114
91 115
91 116
91 119
91 120
91 122
91 123
91 129
91 137
91 139
91 143
91 144
91 146
91 148
91 151
91 153
91 154
91 159
91 164
91 166
91 170
91 171
91 172
91 184
91 186
91 188
91 189
91 190
92 102
92 106
92 109
92 113
92 120
92 121
92 122
92 127
92 130
92 135
92 136
92 141
92 144
92 152
92 154
92 158
92 162
92 164
92 167
92 168
92 170
92 175
92 178
92 180
92 183
92 185
92 192
93 94
93 96
93 97
93 106
93 108
93 109
93 111
93 120
93 122
93 129
93 131
93 136
93 138
93 141
93 147
93 149
93 151
93 163
93 165
93 166
93 173
93 175
93 176
93 177
93 178
93 179
93 184
93 186
93 189
93 195
94 97
94 99
94 103
94 109
94 113
94 115
94 120
94 122
94 125
94 126
94 128
94 129
94 133
94 139
94 141
94 142
94 144
94 150
94 152
94 153
94 154
94 158
94 159
94 160
94 162
94 165
94 166
94 172
94 173
94 174
94 182
94 183
94 184
94 185
94 189
94 195
94 196
94 197
95 96
95 102
95 107
95 110
95 114
95 121
95 126
95 134
95 136
95 141
95 142
95 148
95 151
95 152
95 153
95 163
95 167
95 171
95 175
95 176
95 186
95 191
95 194
96 100
96 119
96 125
96 127
96 129
96 134
96 137
96 138
96 143
96 147
96 151
96 158
96 160
96 163
96 169
96 170
96 172
96 174
96 178
96 179
96 180
96 181
96 182
96 186
96 187
96 188
96 190
96 192
96 194
96 196
96 197
97 99
97 102
97 103
97 118
97 119
97 123
97 125
97 130
97 131
97 134
97 141
97 142
97 143
97 145
97 146
97 147
97 152
97 153
97 168
97 173
97 178
97 179
97 180
97 181
97 187
97 192
97 193
97 194
97 197
97 199
98 109
98 112
98 114
98 117
98 118
98 122
98 125
98 131
98 133
98 134
98 143
98 145
98 147
98 148
98 149
98 152
98 153
98 154
98 156
98 157
98 158
98 159
98 161
98 164
98 167
98 170
98 171
98 173
98 175
98 184
98 188
98 190
98 192
98 193
98 198
99 100
99 103
99 110
99 113
99 116
99 119
99 124
99 132
99 133
99 134
99 139
99 140
99 143
99 145
99 146
99 153
99 157
99 158
99 159
99 162
99 167
99 170
99 172
99 183
99 184
99 186
99 189
99 191
99 195
99 196
99 197
100 104
100 105
100 107
100 109
100 110
100 112
100 116
100 119
100 122
100 128
100 130
100 131
100 132
100 138
100 141
100 143
100 145
100 147
100 148
100 151
100 153
100 158
100 170
100 171
100 175
100 178
100 179
100 192
100 195
100 197
101 102
101 104
101 109
101 113
101 115
101 117
101 118
101 119
101 120
101 122
101 123
101 126
101 132
101 133
101 134
101 135
101 137
101 143
101 144
101 145
101 146
101 152
101 153
101 155
101 156
101 157
101 160
101 162
101 163
101 164
101 165
101 167
101 169
101 173
101 175
101 176
101 189
101 190
101 192
101 195
101 197
101 199
102 104
102 108
102 120
102 122
102 123
102 127
102 130
102 142
102 143
102 147
102 148
102 151
102 153
102 156
102 157
102 165
102 166
102 168
102 174
102 182
102 186
102 189
102 192
102 194
102 195
102 198
103 106
103 107
103 110
103 111
103 113
103 114
103 129
103 135
103 136
103 139
103 140
103 141
103 151
103 152
103 157
103 158
103 160
103 161
103 162
103 166
103 167
103 170
103 171
103 173
103 174
103 175
103 176
103 179
103 181
103 182
103 184
103 185
103 189
103 190
103 194
103 195
104 111
104 120
104 126
104 128
104 131
104 134
104 136
104 138
104 139
104 143
104 152
104 156
104 162
104 167
104 173
104 174
104 180
104 184
104 187
104 190
104 191
104 192
104 196
104 198
105 110
105 114
105 120
105 126
105 131
105 135
105 137
105 140
105 141
105 142
105 144
105 145
105 151
105 154
105 163
105 167
105 170
105 172
105 174
105 178
105 180
105 181
105 182
105 183
105 184
105 187
105 189
105 197
106 107
106 110
106 112
106 113
106 115
106 119
106 122
106 127
106 132
106 138
106 140
106 141
106 142
106 143
106 145
106 152
106 153
106 157
106 158
106 159
106 160
106 164
106 167
106 174
106 175
106 178
106 180
106 184
106 186
106 189
106 190
106 193
106 199
107 114
107 119
107 122
107 133
107 135
107 141
107 142
107 145
107 147
107 149
107 150
107 157
107 164
107 174
107 178
107 181
107 194
107 196
107 197
108 111
108 114
108 115
108 119
108 124
108 126
108 128
108 137
108 140
108 141
108 143
108 144
108 146
108 149
108 150
108 151
108 154
108 155
108 156
108 161
108 164
108 171
108 177
108 179
108 180
108 184
108 192
108 196
108 199
109 116
109 121
109 124
109 126
109 127
109 129
109 137
109 140
109 141
109 142
109 144
109 147
109 154
109 157
109 162
109 163
109 167
109 168
109 169
109 173
109 174
109 177
109 178
109 186
109 187
109 188
109 192
109 194
109 196
109 197
110 111
110 115
110 121
110 128
110 129
110 131
110 133
110 136
110 140
110 141
110 142
110 144
110 146
110 150
110 151
110 155
110 157
110 160
110 162
110 164
110 165
110 176
110 180
110 183
110 184
110 187
110 191
110 192
110 197
110 198
111 114
111 115
111 118
111 119
111 127
111 130
111 132
111 135
111 137
111 138
111 139
111 140
111 142
111 149
111 150
111 156
111 157
111 159
111 162
111 165
111 168
111 178
111 181
111 189
111 192
111 193
111 198
111 199
112 116
112 118
112 120
112 129
112 131
112 132
112 133
112 134
112 135
112 136
112 138
112 142
112 143
112 147
112 157
112 160
112 163
112 164
112 165
112 166
112 173
112 175
112 188
112 195
112 197
113 114
113 117
113 123
113 125
113 129
113 133
113 134
113 137
113 138
113 140
113 141
113 142
113 143
113 144
113 146
113 152
113 157
113 160
113 169
113 173
113 174
113 176
113 177
113 180
113 182
113 187
113 188
113 193
113 195
113 196
113 198
114 116
114 118
114 119
114 120
114 122
114 124
114 125
114 128
114 129
114 131
114 133
114 134
114 140
114 143
114 145
114 147
114 149
114 154
114 155
114 156
114 158
114 165
114 173
114 174
114 183
114 184
114 186
114 192
114 194
114 199
115 122
115 125
115 130
115 132
115 135
115 136
115 144
115 147
115 153
115 157
115 158
115 159
115 160
115 165
115 169
115 170
115 175
115 179
115 183
115 184
115 186
115 189
115 191
115 194
115 197
115 198
116 125
116 129
116 138
116 140
116 144
116 146
116 150
116 155
116 158
116 159
116 160
116 161
116 164
116 166
116 167
116 169
116 171
116 172
116 175
116 178
116 180
116 182
116 186
116 188
116 190
116 192
116 199
117 122
117 123
117 124
117 125
117 129
117 131
117 137
117 141
117 142
117 145
117 147
117 148
117 149
117 150
117 151
117 153
117 155
117 156
117 160
117 162
117 165
117 175
117 176
117 179
117 180
117 196
118 120
118 124
118 132
118 133
118 135
118 152
118 156
118 166
118 171
118 173
118 177
118 178
118 183
118 186
118 190
118 193
118 196
119 121
119 123
119 131
119 141
119 143
119 145
119 153
119 156
119 160
119 166
119 168
119 169
119 172
119 173
119 174
119 177
119 183
119 185
119 187
119 191
119 193
120 121
120 127
120 128
120 133
120 134
120 135
120 136
120 137
120 138
120 140
120 143
120 144
120 145
120 146
120 147
120 155
120 157
120 159
120 163
120 167
120 168
120 169
120 170
120 172
120 173
120 176
120 181
120 185
120 186
120 189
120 193
120 195
121 123
121 125
121 128
121 129
121 130
121 135
121 141
121 143
121 147
121 149
121 151
121 154
121 178
121 180
121 181
121 187
121 189
121 190
121 191
121 192
121 196
121 197
122 123
122 128
122 131
122 136
122 138
122 140
122 141
122 146
122 151
122 152
122 153
122 154
122 157
122 160
122 165
122 178
122 182
122 194
122 195
122 198
123 130
123 131
123 136
123 138
123 148
123 149
123 155
123 160
123 168
123 175
123 176
123 178
123 179
123 181
123 183
123 184
123 185
123 186
123 187
123 192
123 194
123 195
124 125
124 130
124 131
124 132
124 134
124 136
124 142
124 145
124 146
124 148
124 149
124 157
124 160
124 161
124 162
124 163
124 164
124 172
124 173
124 175
124 176
124 177
124 178
124 180
124 182
124 189
124 191
124 194
125 129
125 131
125 132
125 136
125 137
125 138
125 141
125 142
125 146
125 151
125 153
125 156
125 157
125 158
125 164
125 166
125 167
125 171
125 176
125 180
125 181
125 184
125 187
126 130
126 135
126 136
126 137
126 142
126 144
126 153
126 154
126 155
126 157
126 158
126 159
126 160
126 165
126 166
126 167
126 168
126 173
126 174
126 180
126 182
126 184
126 186
126 191
126 193
126 194
126 196
126 198
126 199
127 130
127 132
127 134
127 138
127 139
127 145
127 150
127 155
127 159
127 162
127 172
127 179
127 180
127 181
127 182
127 185
127 186
127 189
127 190
128 130
128 134
128 135
128 136
128 137
128 140
128 142
128 147
128 148
128 160
128 161
128 170
128 172
128 174
128 187
128 198
129 132
129 136
129 137
129 142
129 143
129 147
129 149
129 150
129 152
129 155
129 157
129 158
129 159
129 171
129 173
129 189
129 191
129 197
130 140
130 141
130 145
130 154
130 155
130 160
130 163
130 168
130 175
130 183
130 184
130 185
130 186
130 189
130 190
130 191
130 196
131 133
131 136
131 137
131 138
131 141
131 142
131 143
131 147
131 152
131 160
131 161
131 162
131 164
131 165
131 166
131 171
131 176
131 186
131 187
131 189
131 193
131 196
132 137
132 158
132 161
132 162
132 169
132 170
132 171
132 172
132 184
132 188
132 191
132 193
132 194
132 196
133 138
133 139
133 144
133 147
133 148
133 151
133 152
133 157
133 163
133 165
133 170
133 174
133 176
133 179
133 180
133 185
133 187
133 192
133 194
133 197
134 137
134 146
134 151
134 152
134 157
134 158
134 165
134 167
134 168
134 169
134 170
134 172
134 174
134 176
134 182
134 183
134 186
134 189
134 195
134 197
135 136
135 140
135 142
135 143
135 153
135 157
135 159
135 165
135 170
135 171
135 175
135 178
135 184
135 186
135 194
136 140
136 141
136 148
136 151
136 152
136 154
136 158
136 161
136 166
136 168
136 170
136 176
136 177
136 183
136 185
136 194
136 195
136 196
137 145
137 147
137 148
137 151
137 154
137 160
137 162
137 163
137 172
137 179
137 181
137 182
137 188
137 191
137 194
137 197
138 140
138 142
138 145
138 149
138 150
138 151
138 152
138 159
138 160
138 170
138 172
138 175
138 181
138 187
138 191
138 192
138 195
138 196
139 153
139 155
139 157
139 160
139 165
139 168
139 176
139 179
139 180
139 181
139 186
139 191
139 199
140 146
140 147
140 151
140 155
140 157
140 158
140 173
140 180
140 185
140 189
140 190
140 193
140 195
140 197
140 199
141 144
141 146
141 147
141 148
141 155
141 156
141 157
141 164
141 169
141 172
141 173
141 174
141 179
141 182
141 183
141 184
141 185
141 189
141 190
141 193
141 195
141 197
142 145
142 146
142 154
142 155
142 157
142 164
142 174
142 175
142 176
142 177
142 179
142 180
142 187
142 194
143 144
143 149
143 156
143 159
143 161
143 167
143 169
143 172
143 174
143 175
143 182
143 185
143 187
143 193
143 194
143 195
143 198
144 146
144 151
144 169
144 170
144 172
144 176
144 180
144 184
144 194
144 195
144 196
145 146
145 149
145 152
145 153
145 158
145 160
145 162
145 163
145 165
145 166
145 172
145 174
145 177
145 183
145 188
145 195
145 197
145 198
146 154
146 156
146 158
146 159
146 170
146 172
146 174
146 179
146 181
146 183
146 186
146 188
146 190
146 194
147 150
147 153
147 156
147 157
147 158
147 159
147 162
147 163
147 166
147 171
147 172
147 178
147 184
147 194
147 195
147 197
147 198
148 151
148 155
148 157
148 161
148 163
148 164
148 166
148 172
148 173
148 176
148 184
148 187
148 196
148 197
148 199
149 150
149 154
149 165
149 171
149 172
149 174
149 178
149 179
149 185
149 186
149 187
149 191
149 195
150 151
150 156
150 164
150 165
150 168
150 169
150 174
150 178
150 180
150 181
150 186
150 194
150 199
151 156
151 158
151 159
151 160
151 161
151 166
151 168
151 172
151 176
151 179
151 189
151 196
152 153
152 157
152 164
152 165
152 166
152 170
152 176
152 177
152 178
152 179
152 182
152 183
152 187
152 190
152 197
153 156
153 158
153 159
153 163
153 164
153 165
153 166
153 168
153 170
153 171
153 179
153 181
153 183
153 184
153 188
153 191
154 155
154 156
154 159
154 161
154 164
154 166
154 167
154 168
154 169
154 172
154 173
154 176
154 178
154 182
154 187
154 190
154 192
154 197
155 156
155 159
155 161
155 162
155 176
155 182
155 184
155 185
155 188
155 190
155 191
155 192
155 193
155 194
155 195
155 197
155 199
156 162
156 166
156 182
156 183
156 190
156 198
156 199
157 164
157 166
157 168
157 170
157 175
157 178
157 182
157 185
157 193
157 194
157 196
157 199
158 165
158 167
158 171
158 174
158 181
158 183
158 187
158 188
158 191
158 194
159 160
159 161
159 163
159 167
159 168
159 169
159 175
159 176
159 177
159 183
159 186
159 188
159 191
159 197
160 161
160 162
160 164
160 169
160 170
160 173
160 174
160 175
160 176
160 178
160 185
160 191
160 195
161 162
161 166
161 170
161 173
161 180
161 181
161 182
161 184
161 190
161 197
161 198
162 163
162 170
162 173
162 181
162 186
162 188
162 189
162 191
163 166
163 169
163 171
163 173
163 174
163 177
163 178
163 180
163 182
163 184
163 185
163 187
163 188
163 193
164 170
164 171
164 173
164 177
164 179
164 180
164 182
164 188
164 190
164 192
164 196
164 197
164 199
165 167
165 169
165 170
165 175
165 178
165 184
165 187
165 188
165 190
165 192
165 196
165 197
166 169
166 170
166 175
166 184
166 186
166 188
166 189
166 194
166 196
166 199
167 169
167 174
167 179
167 184
167 186
168 169
168 172
168 175
168 176
168 178
168 180
168 189
168 193
169 171
169 179
169 182
169 188
169 193
169 194
169 195
169 196
169 199
170 172
170 176
170 177
170 180
170 187
170 193
170 194
170 196
170 197
170 199
171 174
171 180
171 182
171 187
171 190
171 193
171 199
172 175
172 182
172 185
172 190
172 195
172 197
173 176
173 180
173 195
173 198
174 178
174 180
174 184
174 185
174 190
174 197
174 199
175 178
175 179
175 180
175 181
175 186
175 188
175 190
175 191
175 192
176 178
176 181
176 188
176 190
176 191
176 195
177 186
177 189
177 191
177 193
177 194
177 195
177 197
177 199
178 181
178 183
178 186
178 187
178 188
179 180
179 183
179 188
179 189
179 193
179 194
179 195
179 196
180 186
180 191
180 195
181 186
181 188
181 192
181 193
181 197
182 185
182 190
182 191
183 193
183 194
183 195
183 197
184 188
184 192
184 194
185 186
185 188
185 193
185 194
185 195
185 196
186 191
186 193
186 198
187 198
188 193
188 195
188 196
188 197
188 198
189 191
189 192
189 197
189 198
190 194
190 196
191 196
192 196
193 199
195 196
196 197
197 198
