# Erdos-Renyi n=50 p=0.500000
# n=50
0 1
0 2
0 4
0 5
0 6
0 7
0 8
0 9
0 10
0 11
0 12
0 15
0 17
0 18
0 25
0 27
0 31
0 33
0 37
0 39
0 40
0 41
0 45
0 46
0 47
0 48
1 2
1 3
1 7
1 11
1 12
1 13
1 17
1 18
1 21
1 23
1 24
1 27
1 29
1 30
1 36
1 37
1 40
1 41
1 46
1 48
2 3
2 4
2 6
2 8
2 11
2 13
2 14
2 18
2 19
2 20
2 23
2 24
2 25
2 27
2 29
2 32
2 33
2 34
2 35
2 36
2 37
2 39
2 40
2 46
2 47
2 49
3 4
3 5
3 7
3 8
3 12
3 14
3 17
3 23
3 24
3 25
3 32
3 34
3 35
3 36
3 38
3 39
3 41
3 42
3 45
3 48
3 49
4 7
4 9
4 12
4 14
4 15
4 16
4 17
4 18
4 19
4 20
4 22
4 25
4 26
4 27
4 28
4 29
4 31
4 37
4 38
4 46
4 47
4 49
5 6
5 7
5 8
5 10
5 16
5 17
5 18
5 22
5 25
5 27
5 30
5 35
5 36
5 37
5 38
5 42
5 47
5 48
6 7
6 8
6 13
6 14
6 16
6 17
6 18
6 19
6 20
6 22
6 23
6 25
6 26
6 28
6 29
6 31
6 35
6 36
6 37
6 39
6 46
6 47
7 8
7 13
7 15
7 16
7 20
7 21
7 22
7 26
7 30
7 32
7 33
7 40
7 41
7 42
7 43
7 44
7 45
7 46
7 47
7 48
8 12
8 14
8 15
8 17
8 19
8 20
8 22
8 25
8 30
8 39
8 41
8 42
8 43
8 46
8 48
9 10
9 12
9 13
9 14
9 15
9 18
9 19
9 24
9 27
9 28
9 31
9 33
9 34
9 37
9 38
9 39
9 40
9 42
9 48
10 12
10 13
10 15
10 18
10 20
10 22
10 23
10 26
10 27
10 28
10 32
10 33
10 34
10 35
10 38
10 42
10 43
10 44
10 45
10 47
11 15
11 16
11 17
11 18
11 21
11 22
11 26
11 27
11 28
11 29
11 31
11 32
11 37
11 38
11 41
11 44
11 46
11 47
11 48
12 13
12 15
12 17
12 18
12 19
12 20
12 24
12 26
12 27
12 30
12 31
12 32
12 34
12 35
12 37
12 40
12 41
12 43
12 45
12 46
12 48
12 49
13 14
13 15
13 16
13 18
13 19
13 21
13 24
13 25
13 30
13 32
13 33
13 35
13 37
13 39
13 40
13 41
13 44
13 45
13 46
13 49
14 15
14 21
14 23
14 24
14 25
14 27
14 29
14 30
14 32
14 33
14 34
14 36
14 39
14 41
14 43
14 44
14 48
15 18
15 19
15 21
15 23
15 26
15 27
15 29
15 32
15 33
15 34
15 39
15 42
15 43
15 45
15 47
15 48
15 49
16 20
16 21
16 22
16 24
16 26
16 27
16 29
16 32
16 33
16 34
16 35
16 36
16 37
16 41
16 42
16 44
16 46
16 47
16 49
17 23
17 24
17 26
17 27
17 28
17 31
17 33
17 38
17 39
17 47
17 49
18 21
18 22
18 23
18 24
18 27
18 32
18 35
18 40
18 41
18 42
18 49
19 22
19 23
19 25
19 28
19 31
19 32
19 35
19 37
19 38
19 39
19 41
19 42
19 44
19 46
19 48
20 22
20 23
20 24
20 25
20 26
20 27
20 29
20 33
20 36
20 38
20 40
20 41
20 42
20 44
21 23
21 25
21 26
21 30
21 31
21 33
21 34
21 36
21 37
21 39
21 40
21 41
21 43
21 47
21 48
21 49
22 24
22 25
22 28
22 31
22 35
22 36
22 37
22 39
22 42
22 43
22 46
22 49
23 24
23 25
23 26
23 30
23 31
23 32
23 36
23 37
23 39
23 40
23 41
23 45
23 46
23 47
23 49
24 27
24 28
24 29
24 31
24 32
24 35
24 37
24 38
24 39
24 40
24 42
24 43
24 45
24 46
24 47
25 26
25 27
25 30
25 32
25 33
25 35
25 37
25 38
25 46
25 47
25 48
26 29
26 31
26 32
26 40
26 43
26 44
26 46
27 28
27 29
27 32
27 33
27 34
27 35
27 37
27 40
27 41
27 42
27 44
27 48
28 31
28 33
28 35
28 36
28 41
28 42
28 45
28 49
29 30
29 31
29 34
29 36
29 37
29 38
29 40
29 41
29 42
29 44
29 45
29 46
29 47
29 49
30 32
30 36
30 37
30 38
30 39
30 42
30 46
30 48
30 49
31 32
31 34
31 36
31 38
31 41
31 42
31 45
31 46
31 47
31 49
32 33
32 34
32 38
32 39
32 40
32 41
32 43
32 44
32 45
32 47
33 36
33 38
33 39
33 44
33 48
33 49
34 35
34 36
34 39
34 41
34 44
34 46
34 48
34 49
35 36
35 42
35 47
35 49
36 38
36 39
36 40
36 42
36 43
36 44
36 45
37 38
37 40
37 42
37 43
37 44
37 46
37 47
37 48
38 42
38 43
38 45
38 46
38 47
38 49
39 41
39 43
39 44
39 46
39 47
40 42
40 47
40 49
41 42
41 45
41 46
41 47
42 46
42 47
43 45
43 47
43 48
43 49
44 45
44 46
44 48
44 49
45 48
46 47
47 49
