# Erdos-Renyi n=50 p=0.100000
# n=50
0 8
0 9
0 12
1 5
1 11
1 14
1 25
1 28
1 39
2 7
2 10
2 15
2 19
3 21
3 33
3 47
4 20
4 21
4 36
4 41
4 49
5 11
5 12
5 22
5 24
5 26
5 27
5 39
5 46
5 48
6 20
6 31
6 34
7 17
7 33
8 10
8 11
9 10
9 16
9 20
9 38
10 41
10 43
11 25
11 37
11 41
13 30
13 38
14 25
14 46
15 17
15 18
15 21
15 40
15 48
16 37
17 26
17 27
17 30
17 35
17 36
17 38
17 49
18 38
18 43
19 25
19 48
20 26
20 37
20 43
20 44
21 24
21 28
21 31
21 47
22 43
24 37
24 39
25 28
25 44
25 47
26 31
26 33
26 40
26 49
27 31
27 34
27 44
28 31
28 36
28 46
30 31
30 32
30 33
30 42
31 34
32 37
33 36
35 41
36 45
36 46
37 43
37 45
40 49
42 49
45 46
