# Erdos-Renyi n=200 p=0.500000
# n=200
0 4
0 13
0 19
0 23
0 25
0 27
0 28
0 29
0 30
0 31
0 32
0 36
0 40
0 41
0 44
0 48
0 50
0 51
0 54
0 55
0 57
0 59
0 60
0 62
0 64
0 65
0 66
0 67
0 70
0 72
0 73
0 80
0 83
0 85
0 86
0 89
0 91
0 92
0 94
0 96
0 99
0 100
0 105
0 109
0 110
0 111
0 112
0 113
0 114
0 115
0 116
0 117
0 118
0 120
0 121
0 122
0 123
0 124
0 125
0 127
0 128
0 129
0 131
0 133
0 134
0 135
0 138
0 139
0 141
0 148
0 149
0 150
0 152
0 153
0 156
0 158
0 161
0 163
0 165
0 168
0 171
0 177
0 179
0 180
0 184
0 185
0 186
0 187
0 189
0 192
0 193
0 194
0 196
1 3
1 4
1 5
1 6
1 7
1 8
1 9
1 10
1 11
1 15
1 17
1 20
1 22
1 24
1 25
1 26
1 28
1 30
1 31
1 32
1 37
1 39
1 40
1 41
1 43
1 47
1 48
1 49
1 50
1 55
1 56
1 58
1 61
1 62
1 63
1 65
1 67
1 70
1 71
1 73
1 74
1 77
1 88
1 89
1 90
1 91
1 93
1 96
1 97
1 98
1 100
1 101
1 102
1 103
1 109
1 110
1 111
1 114
1 117
1 118
1 119
1 120
1 122
1 125
1 126
1 131
1 135
1 136
1 140
1 143
1 146
1 147
1 148
1 149
1 150
1 151
1 154
1 156
1 159
1 160
1 162
1 166
1 169
1 170
1 176
1 177
1 178
1 180
1 184
1 189
1 192
1 193
1 198
2 3
2 4
2 5
2 9
2 12
2 13
2 14
2 15
2 16
2 17
2 18
2 20
2 21
2 22
2 23
2 26
2 28
2 30
2 31
2 32
2 33
2 36
2 40
2 41
2 43
2 46
2 47
2 48
2 49
2 51
2 52
2 54
2 55
2 58
2 60
2 61
2 62
2 64
2 66
2 67
2 70
2 72
2 76
2 77
2 78
2 80
2 81
2 82
2 83
2 84
2 86
2 89
2 91
2 94
2 97
2 99
2 100
2 101
2 102
2 106
2 113
2 114
2 115
2 116
2 117
2 119
2 124
2 125
2 130
2 134
2 139
2 140
2 141
2 142
2 143
2 144
2 145
2 148
2 149
2 150
2 152
2 153
2 157
2 158
2 159
2 160
2 161
2 163
2 166
2 167
2 168
2 169
2 176
2 177
2 179
2 181
2 183
2 184
2 185
2 189
2 192
2 193
2 195
2 196
3 4
3 6
3 7
3 13
3 14
3 15
3 17
3 22
3 24
3 26
3 27
3 28
3 29
3 30
3 33
3 38
3 39
3 40
3 41
3 44
3 46
3 47
3 50
3 51
3 54
3 57
3 58
3 67
3 68
3 69
3 71
3 72
3 75
3 76
3 79
3 81
3 82
3 84
3 85
3 86
3 88
3 92
3 93
3 94
3 95
3 96
3 98
3 99
3 100
3 102
3 104
3 106
3 108
3 109
3 110
3 111
3 114
3 116
3 119
3 123
3 125
3 126
3 131
3 137
3 139
3 140
3 142
3 144
3 148
3 149
3 153
3 154
3 155
3 157
3 159
3 160
3 161
3 165
3 166
3 168
3 169
3 170
3 171
3 172
3 173
3 178
3 183
3 185
3 188
3 191
3 192
3 194
3 195
4 6
4 7
4 11
4 16
4 17
4 20
4 23
4 27
4 28
4 30
4 34
4 35
4 36
4 38
4 39
4 40
4 41
4 42
4 43
4 46
4 50
4 51
4 53
4 55
4 57
4 59
4 60
4 66
4 68
4 72
4 73
4 74
4 76
4 78
4 84
4 88
4 90
4 92
4 97
4 101
4 103
4 106
4 107
4 110
4 113
4 114
4 115
4 118
4 121
4 123
4 125
4 130
4 131
4 132
4 134
4 135
4 137
4 140
4 145
4 149
4 150
4 152
4 154
4 155
4 156
4 159
4 160
4 162
4 163
4 165
4 169
4 170
4 173
4 174
4 179
4 184
4 185
4 188
4 193
4 195
4 196
4 199
5 8
5 9
5 11
5 12
5 13
5 15
5 22
5 23
5 26
5 27
5 28
5 30
5 34
5 35
5 36
5 38
5 40
5 42
5 43
5 50
5 55
5 56
5 59
5 62
5 66
5 67
5 71
5 75
5 77
5 79
5 80
5 82
5 85
5 87
5 88
5 90
5 92
5 93
5 106
5 108
5 109
5 110
5 111
5 112
5 115
5 117
5 121
5 123
5 124
5 127
5 129
5 133
5 135
5 137
5 138
5 141
5 142
5 144
5 145
5 146
5 147
5 148
5 150
5 151
5 152
5 153
5 155
5 156
5 157
5 158
5 160
5 163
5 165
5 173
5 174
5 176
5 177
5 178
5 181
5 182
5 187
5 188
5 193
5 194
5 197
6 8
6 11
6 13
6 14
6 16
6 17
6 18
6 19
6 21
6 23
6 25
6 29
6 30
6 32
6 34
6 36
6 41
6 46
6 49
6 52
6 54
6 55
6 58
6 59
6 60
6 62
6 63
6 64
6 65
6 70
6 71
6 72
6 74
6 77
6 79
6 80
6 82
6 83
6 84
6 88
6 91
6 93
6 96
6 97
6 98
6 99
6 100
6 101
6 103
6 105
6 106
6 107
6 108
6 110
6 112
6 113
6 115
6 116
6 117
6 119
6 121
6 123
6 126
6 127
6 128
6 132
6 133
6 134
6 139
6 140
6 141
6 145
6 147
6 150
6 152
6 154
6 156
6 157
6 159
6 161
6 162
6 163
6 164
6 165
6 166
6 168
6 169
6 173
6 174
6 177
6 178
6 182
6 184
6 185
6 187
6 188
6 189
6 190
6 192
6 193
6 196
6 198
7 8
7 12
7 13
7 14
7 15
7 17
7 18
7 19
7 22
7 26
7 28
7 29
7 32
7 35
7 36
7 38
7 41
7 45
7 46
7 51
7 52
7 53
7 56
7 59
7 61
7 63
7 65
7 67
7 69
7 73
7 74
7 75
7 76
7 79
7 80
7 82
7 83
7 85
7 86
7 89
7 92
7 93
7 96
7 99
7 100
7 108
7 109
7 110
7 111
7 112
7 115
7 116
7 117
7 119
7 122
7 123
7 124
7 126
7 127
7 128
7 131
7 133
7 134
7 136
7 137
7 142
7 143
7 144
7 145
7 147
7 148
7 150
7 151
7 152
7 158
7 160
7 162
7 163
7 167
7 168
7 169
7 170
7 172
7 173
7 174
7 175
7 176
7 178
7 179
7 180
7 181
7 183
7 187
7 192
7 193
7 194
7 196
7 198
7 199
8 9
8 16
8 17
8 20
8 22
8 24
8 26
8 34
8 35
8 36
8 37
8 38
8 39
8 40
8 41
8 43
8 45
8 46
8 48
8 51
8 53
8 56
8 58
8 59
8 60
8 63
8 68
8 69
8 70
8 72
8 73
8 74
8 77
8 78
8 79
8 80
8 84
8 86
8 87
8 88
8 91
8 92
8 93
8 95
8 96
8 98
8 101
8 102
8 111
8 113
8 115
8 117
8 121
8 123
8 124
8 127
8 132
8 133
8 135
8 136
8 137
8 139
8 141
8 144
8 145
8 148
8 149
8 150
8 152
8 153
8 155
8 156
8 162
8 165
8 167
8 168
8 169
8 170
8 175
8 177
8 178
8 180
8 185
8 186
8 187
8 188
8 189
8 192
8 194
8 195
8 196
8 198
8 199
9 11
9 12
9 14
9 15
9 19
9 20
9 24
9 25
9 27
9 30
9 31
9 33
9 34
9 36
9 37
9 41
9 44
9 45
9 46
9 48
9 51
9 52
9 55
9 57
9 59
9 61
9 62
9 66
9 68
9 73
9 74
9 75
9 77
9 78
9 80
9 81
9 82
9 83
9 84
9 86
9 87
9 89
9 91
9 93
9 99
9 105
9 106
9 109
9 110
9 112
9 113
9 114
9 122
9 124
9 126
9 128
9 129
9 131
9 132
9 134
9 135
9 137
9 138
9 144
9 145
9 149
9 151
9 153
9 154
9 155
9 157
9 158
9 159
9 163
9 165
9 167
9 172
9 177
9 179
9 184
9 187
9 189
9 195
9 196
9 197
9 199
10 12
10 13
10 14
10 15
10 16
10 19
10 22
10 23
10 25
10 26
10 27
10 28
10 29
10 30
10 31
10 32
10 33
10 36
10 37
10 38
10 39
10 41
10 45
10 48
10 49
10 51
10 52
10 53
10 57
10 59
10 60
10 61
10 62
10 64
10 65
10 67
10 70
10 72
10 75
10 77
10 78
10 84
10 87
10 88
10 89
10 91
10 92
10 93
10 100
10 101
10 102
10 103
10 104
10 105
10 107
10 108
10 110
10 111
10 113
10 114
10 116
10 119
10 121
10 122
10 123
10 126
10 127
10 133
10 136
10 139
10 140
10 141
10 142
10 147
10 148
10 150
10 152
10 153
10 154
10 156
10 157
10 158
10 159
10 161
10 162
10 163
10 169
10 170
10 171
10 173
10 175
10 176
10 178
10 179
10 189
10 192
10 193
10 195
10 197
10 198
11 13
11 15
11 16
11 17
11 19
11 20
11 21
11 22
11 27
11 33
11 34
11 38
11 39
11 40
11 44
11 46
11 50
11 51
11 54
11 55
11 56
11 59
11 65
11 66
11 69
11 72
11 74
11 75
11 77
11 78
11 80
11 81
11 82
11 89
11 91
11 92
11 101
11 103
11 105
11 108
11 110
11 111
11 112
11 114
11 117
11 121
11 123
11 127
11 131
11 136
11 137
11 138
11 140
11 142
11 144
11 147
11 149
11 151
11 152
11 157
11 158
11 161
11 164
11 169
11 171
11 172
11 174
11 178
11 179
11 180
11 182
11 183
11 184
11 185
11 187
11 189
11 195
11 196
11 197
11 198
12 16
12 21
12 22
12 25
12 26
12 28
12 29
12 30
12 32
12 33
12 34
12 36
12 37
12 38
12 43
12 45
12 49
12 50
12 52
12 53
12 56
12 58
12 64
12 69
12 72
12 73
12 74
12 75
12 76
12 77
12 78
12 79
12 80
12 84
12 85
12 87
12 88
12 90
12 91
12 92
12 94
12 96
12 97
12 98
12 99
12 100
12 101
12 102
12 103
12 104
12 105
12 106
12 110
12 114
12 116
12 117
12 118
12 122
12 123
12 130
12 131
12 132
12 134
12 135
12 137
12 138
12 140
12 141
12 142
12 143
12 144
12 145
12 148
12 149
12 152
12 154
12 155
12 163
12 164
12 166
12 167
12 169
12 170
12 172
12 174
12 176
12 178
12 180
12 184
12 186
12 187
12 189
12 190
12 191
12 193
12 195
12 196
12 197
12 198
12 199
13 16
13 17
13 20
13 26
13 27
13 29
13 30
13 34
13 35
13 36
13 38
13 39
13 41
13 42
13 48
13 50
13 53
13 56
13 58
13 60
13 61
13 62
13 63
13 66
13 68
13 73
13 76
13 77
13 79
13 80
13 84
13 85
13 86
13 87
13 88
13 93
13 95
13 96
13 97
13 101
13 102
13 103
13 106
13 109
13 110
13 112
13 115
13 117
13 119
13 122
13 123
13 124
13 126
13 131
13 132
13 136
13 138
13 141
13 142
13 144
13 145
13 146
13 150
13 156
13 157
13 162
13 166
13 168
13 171
13 173
13 177
13 178
13 183
13 184
13 185
13 187
13 190
13 192
13 194
13 195
13 197
14 15
14 17
14 18
14 21
14 23
14 24
14 28
14 31
14 35
14 36
14 38
14 39
14 40
14 41
14 48
14 51
14 53
14 55
14 57
14 60
14 62
14 63
14 65
14 66
14 68
14 69
14 72
14 77
14 78
14 80
14 84
14 86
14 91
14 93
14 94
14 95
14 97
14 99
14 102
14 104
14 105
14 107
14 109
14 113
14 114
14 116
14 117
14 123
14 124
14 125
14 126
14 130
14 131
14 133
14 136
14 137
14 138
14 139
14 143
14 145
14 148
14 149
14 150
14 153
14 154
14 155
14 159
14 160
14 161
14 162
14 165
14 166
14 167
14 170
14 171
14 172
14 174
14 177
14 180
14 182
14 183
14 187
14 190
14 191
14 192
14 196
15 17
15 18
15 19
15 20
15 21
15 23
15 24
15 25
15 26
15 27
15 29
15 30
15 31
15 32
15 37
15 38
15 42
15 46
15 48
15 49
15 51
15 53
15 54
15 58
15 62
15 64
15 70
15 71
15 75
15 76
15 78
15 80
15 82
15 83
15 84
15 85
15 91
15 92
15 94
15 95
15 96
15 97
15 105
15 106
15 107
15 109
15 110
15 111
15 112
15 114
15 115
15 117
15 118
15 119
15 120
15 121
15 123
15 125
15 126
15 128
15 130
15 132
15 133
15 135
15 137
15 138
15 139
15 140
15 142
15 145
15 146
15 148
15 155
15 156
15 161
15 162
15 165
15 167
15 168
15 169
15 171
15 172
15 175
15 178
15 179
15 180
15 181
15 184
15 185
15 190
15 191
15 192
15 193
15 197
15 199
16 17
16 19
16 20
16 21
16 23
16 28
16 30
16 34
16 35
16 36
16 37
16 39
16 40
16 41
16 42
16 45
16 46
16 47
16 48
16 49
16 50
16 51
16 52
16 54
16 55
16 56
16 61
16 64
16 67
16 69
16 70
16 72
16 74
16 75
16 77
16 79
16 80
16 82
16 84
16 86
16 88
16 90
16 91
16 97
16 99
16 101
16 103
16 104
16 106
16 107
16 108
16 109
16 114
16 115
16 118
16 119
16 120
16 123
16 126
16 127
16 128
16 129
16 131
16 134
16 138
16 139
16 140
16 141
16 146
16 147
16 148
16 150
16 151
16 154
16 155
16 156
16 157
16 159
16 161
16 162
16 163
16 164
16 165
16 168
16 170
16 171
16 173
16 175
16 178
16 180
16 181
16 183
16 186
16 187
16 189
16 191
16 192
16 193
16 194
16 195
16 197
17 18
17 21
17 22
17 26
17 27
17 29
17 31
17 32
17 35
17 36
17 38
17 40
17 45
17 46
17 48
17 52
17 57
17 58
17 61
17 62
17 63
17 65
17 66
17 68
17 70
17 71
17 72
17 76
17 78
17 79
17 80
17 81
17 82
17 84
17 86
17 87
17 88
17 89
17 93
17 94
17 96
17 97
17 98
17 100
17 101
17 105
17 107
17 108
17 110
17 112
17 116
17 117
17 118
17 125
17 126
17 128
17 130
17 131
17 132
17 134
17 136
17 137
17 141
17 144
17 145
17 146
17 147
17 150
17 153
17 156
17 159
17 161
17 164
17 166
17 167
17 172
17 173
17 174
17 175
17 176
17 177
17 178
17 180
17 182
17 184
17 185
17 186
17 188
17 190
17 191
17 192
17 196
17 198
17 199
18 19
18 20
18 24
18 25
18 26
18 27
18 28
18 31
18 33
18 34
18 35
18 36
18 37
18 40
18 41
18 45
18 50
18 52
18 57
18 58
18 63
18 64
18 68
18 70
18 73
18 74
18 75
18 78
18 79
18 80
18 81
18 82
18 86
18 87
18 88
18 91
18 93
18 94
18 95
18 96
18 99
18 100
18 104
18 106
18 107
18 108
18 112
18 116
18 117
18 119
18 120
18 122
18 123
18 126
18 129
18 130
18 135
18 136
18 137
18 138
18 141
18 142
18 143
18 144
18 145
18 146
18 148
18 149
18 152
18 154
18 155
18 158
18 161
18 164
18 168
18 169
18 170
18 173
18 174
18 175
18 180
18 181
18 182
18 184
18 186
18 188
18 190
18 191
18 192
18 193
18 195
18 196
18 199
19 21
19 23
19 24
19 25
19 27
19 28
19 33
19 35
19 40
19 41
19 42
19 45
19 47
19 48
19 49
19 50
19 51
19 53
19 54
19 56
19 58
19 59
19 60
19 61
19 62
19 64
19 67
19 72
19 74
19 76
19 78
19 79
19 81
19 82
19 83
19 84
19 86
19 87
19 88
19 90
19 91
19 95
19 98
19 99
19 101
19 103
19 104
19 105
19 106
19 107
19 110
19 111
19 114
19 115
19 117
19 118
19 120
19 122
19 125
19 126
19 129
19 131
19 132
19 135
19 137
19 138
19 139
19 140
19 142
19 143
19 145
19 147
19 148
19 149
19 150
19 151
19 152
19 154
19 157
19 160
19 161
19 162
19 163
19 165
19 166
19 167
19 169
19 171
19 172
19 173
19 175
19 178
19 179
19 180
19 182
19 184
19 188
19 191
19 192
19 198
19 199
20 21
20 23
20 24
20 26
20 31
20 32
20 34
20 35
20 36
20 37
20 38
20 39
20 40
20 43
20 44
20 49
20 50
20 54
20 56
20 57
20 59
20 61
20 62
20 63
20 67
20 69
20 72
20 73
20 75
20 76
20 78
20 82
20 83
20 84
20 85
20 86
20 87
20 88
20 91
20 93
20 94
20 95
20 97
20 98
20 99
20 102
20 107
20 111
20 113
20 114
20 115
20 118
20 120
20 121
20 123
20 125
20 126
20 127
20 129
20 133
20 141
20 143
20 145
20 146
20 150
20 151
20 152
20 154
20 156
20 159
20 160
20 161
20 163
20 164
20 166
20 167
20 169
20 170
20 171
20 172
20 173
20 174
20 175
20 183
20 184
20 187
20 190
20 192
20 193
20 194
20 195
20 196
20 197
20 198
20 199
21 23
21 25
21 26
21 28
21 29
21 30
21 31
21 34
21 35
21 38
21 39
21 41
21 42
21 44
21 47
21 49
21 50
21 53
21 55
21 56
21 60
21 61
21 62
21 63
21 64
21 65
21 66
21 67
21 69
21 70
21 71
21 73
21 77
21 80
21 85
21 86
21 89
21 91
21 92
21 94
21 96
21 100
21 101
21 103
21 107
21 109
21 112
21 113
21 115
21 117
21 120
21 124
21 126
21 127
21 128
21 129
21 131
21 132
21 133
21 136
21 137
21 139
21 140
21 142
21 145
21 146
21 149
21 150
21 152
21 153
21 154
21 158
21 163
21 164
21 166
21 168
21 170
21 171
21 172
21 177
21 178
21 179
21 180
21 182
21 183
21 184
21 185
21 193
21 197
22 23
22 24
22 25
22 26
22 28
22 30
22 37
22 38
22 39
22 40
22 41
22 42
22 51
22 54
22 56
22 59
22 61
22 62
22 63
22 65
22 67
22 68
22 69
22 70
22 71
22 72
22 73
22 74
22 75
22 77
22 78
22 79
22 81
22 82
22 83
22 86
22 89
22 90
22 93
22 97
22 101
22 103
22 106
22 107
22 108
22 110
22 111
22 116
22 131
22 132
22 133
22 135
22 139
22 140
22 141
22 144
22 145
22 148
22 150
22 151
22 153
22 155
22 156
22 157
22 160
22 161
22 162
22 165
22 166
22 167
22 171
22 173
22 174
22 176
22 177
22 180
22 181
22 182
22 183
22 184
22 185
22 198
22 199
23 25
23 26
23 28
23 31
23 32
23 34
23 35
23 36
23 37
23 38
23 41
23 43
23 44
23 46
23 48
23 51
23 52
23 53
23 54
23 55
23 57
23 58
23 62
23 63
23 64
23 67
23 69
23 70
23 71
23 74
23 75
23 76
23 77
23 79
23 80
23 81
23 82
23 83
23 84
23 85
23 86
23 90
23 92
23 95
23 97
23 98
23 101
23 104
23 105
23 106
23 107
23 110
23 111
23 113
23 114
23 116
23 121
23 122
23 124
23 126
23 127
23 129
23 131
23 134
23 135
23 137
23 138
23 143
23 146
23 147
23 153
23 154
23 155
23 156
23 160
23 161
23 164
23 166
23 167
23 170
23 171
23 172
23 173
23 176
23 178
23 181
23 182
23 184
23 186
23 188
23 190
23 191
23 194
23 196
23 199
24 30
24 31
24 33
24 36
24 37
24 39
24 40
24 41
24 42
24 43
24 44
24 45
24 48
24 49
24 50
24 51
24 52
24 54
24 56
24 57
24 59
24 60
24 61
24 65
24 66
24 71
24 72
24 74
24 76
24 78
24 79
24 82
24 84
24 85
24 87
24 91
24 92
24 94
24 97
24 98
24 99
24 100
24 101
24 103
24 105
24 106
24 107
24 109
24 113
24 114
24 116
24 119
24 121
24 124
24 125
24 128
24 129
24 134
24 139
24 142
24 144
24 145
24 147
24 148
24 150
24 151
24 152
24 159
24 161
24 162
24 164
24 165
24 166
24 168
24 169
24 171
24 172
24 173
24 174
24 175
24 176
24 179
24 181
24 184
24 186
24 187
24 188
24 190
24 194
24 196
24 198
24 199
25 27
25 28
25 30
25 31
25 33
25 35
25 37
25 38
25 42
25 44
25 47
25 48
25 51
25 56
25 60
25 62
25 65
25 67
25 68
25 69
25 70
25 71
25 73
25 76
25 77
25 78
25 79
25 80
25 82
25 83
25 85
25 93
25 95
25 96
25 97
25 100
25 102
25 103
25 106
25 107
25 109
25 110
25 111
25 114
25 121
25 122
25 123
25 129
25 130
25 133
25 135
25 136
25 138
25 140
25 141
25 144
25 145
25 147
25 148
25 151
25 153
25 155
25 157
25 158
25 160
25 161
25 163
25 164
25 166
25 167
25 169
25 170
25 171
25 172
25 176
25 182
25 183
25 185
25 187
25 189
25 190
25 191
25 194
25 196
25 197
25 198
26 27
26 28
26 29
26 30
26 31
26 35
26 38
26 41
26 42
26 43
26 44
26 45
26 46
26 47
26 52
26 53
26 58
26 59
26 62
26 63
26 64
26 66
26 69
26 70
26 74
26 76
26 77
26 79
26 81
26 84
26 91
26 93
26 94
26 97
26 98
26 100
26 101
26 102
26 103
26 104
26 106
26 107
26 108
26 109
26 113
26 114
26 115
26 119
26 120
26 121
26 122
26 126
26 128
26 129
26 132
26 134
26 136
26 137
26 141
26 142
26 143
26 144
26 145
26 146
26 147
26 148
26 149
26 150
26 151
26 152
26 153
26 154
26 155
26 156
26 157
26 161
26 165
26 168
26 169
26 170
26 171
26 173
26 174
26 175
26 177
26 179
26 181
26 183
26 184
26 185
26 190
26 191
26 192
26 193
26 194
26 195
26 197
26 198
26 199
27 29
27 30
27 31
27 34
27 35
27 36
27 40
27 45
27 55
27 57
27 58
27 61
27 64
27 65
27 66
27 68
27 69
27 74
27 75
27 76
27 77
27 79
27 80
27 82
27 83
27 85
27 86
27 87
27 88
27 90
27 91
27 94
27 95
27 97
27 99
27 101
27 104
27 105
27 106
27 110
27 113
27 115
27 116
27 124
27 125
27 130
27 131
27 136
27 137
27 140
27 141
27 144
27 147
27 148
27 149
27 151
27 155
27 156
27 157
27 159
27 160
27 162
27 163
27 167
27 168
27 169
27 175
27 177
27 179
27 183
27 184
27 185
27 186
27 187
27 190
27 191
27 192
27 194
27 196
27 197
27 199
28 30
28 32
28 34
28 35
28 36
28 37
28 39
28 43
28 44
28 45
28 46
28 47
28 48
28 53
28 63
28 69
28 70
28 71
28 72
28 74
28 77
28 79
28 80
28 85
28 86
28 87
28 88
28 89
28 92
28 93
28 96
28 98
28 101
28 102
28 103
28 105
28 107
28 108
28 109
28 110
28 111
28 112
28 114
28 116
28 117
28 119
28 120
28 122
28 124
28 125
28 126
28 127
28 128
28 129
28 130
28 131
28 133
28 134
28 136
28 137
28 138
28 140
28 141
28 143
28 146
28 149
28 150
28 151
28 153
28 155
28 156
28 158
28 159
28 161
28 163
28 164
28 165
28 166
28 177
28 179
28 181
28 182
28 183
28 185
28 186
28 187
28 188
28 192
28 195
28 196
28 199
29 30
29 34
29 36
29 37
29 38
29 39
29 44
29 47
29 48
29 50
29 51
29 52
29 53
29 56
29 57
29 60
29 65
29 66
29 71
29 73
29 74
29 78
29 81
29 82
29 83
29 84
29 86
29 88
29 92
29 93
29 94
29 97
29 102
29 104
29 106
29 107
29 108
29 111
29 113
29 116
29 119
29 120
29 121
29 122
29 123
29 124
29 127
29 130
29 131
29 132
29 133
29 134
29 136
29 137
29 138
29 144
29 147
29 149
29 153
29 156
29 157
29 158
29 159
29 163
29 167
29 168
29 173
29 174
29 178
29 181
29 182
29 186
29 187
29 188
29 190
29 192
29 193
29 195
29 198
30 32
30 34
30 35
30 36
30 40
30 45
30 47
30 48
30 49
30 52
30 53
30 55
30 56
30 58
30 59
30 61
30 63
30 67
30 68
30 71
30 72
30 78
30 80
30 82
30 86
30 87
30 88
30 89
30 90
30 91
30 92
30 93
30 95
30 96
30 99
30 101
30 102
30 107
30 108
30 109
30 112
30 113
30 114
30 116
30 118
30 119
30 121
30 122
30 123
30 125
30 126
30 127
30 129
30 130
30 132
30 133
30 134
30 136
30 137
30 139
30 141
30 142
30 143
30 146
30 147
30 149
30 151
30 152
30 153
30 154
30 155
30 157
30 159
30 160
30 164
30 165
30 166
30 167
30 168
30 170
30 171
30 172
30 173
30 175
30 176
30 179
30 180
30 186
30 189
30 191
30 195
30 196
30 198
30 199
31 33
31 34
31 35
31 37
31 39
31 42
31 43
31 44
31 46
31 48
31 50
31 52
31 60
31 63
31 67
31 68
31 69
31 70
31 75
31 76
31 77
31 78
31 80
31 82
31 84
31 89
31 92
31 93
31 94
31 96
31 99
31 101
31 103
31 104
31 105
31 106
31 107
31 109
31 110
31 112
31 115
31 116
31 118
31 123
31 124
31 125
31 126
31 127
31 129
31 130
31 131
31 132
31 134
31 136
31 139
31 141
31 145
31 146
31 149
31 150
31 151
31 153
31 154
31 155
31 158
31 159
31 160
31 163
31 164
31 165
31 169
31 172
31 173
31 175
31 177
31 181
31 184
31 190
31 191
31 196
31 197
32 34
32 37
32 39
32 42
32 43
32 47
32 51
32 52
32 53
32 54
32 55
32 60
32 61
32 62
32 63
32 66
32 69
32 70
32 72
32 73
32 79
32 82
32 83
32 86
32 89
32 91
32 93
32 94
32 98
32 99
32 100
32 101
32 107
32 108
32 111
32 113
32 114
32 120
32 122
32 124
32 126
32 127
32 128
32 133
32 134
32 135
32 136
32 148
32 149
32 150
32 152
32 153
32 154
32 159
32 161
32 164
32 166
32 168
32 175
32 179
32 180
32 181
32 183
32 188
32 190
32 196
32 199
33 34
33 37
33 38
33 41
33 43
33 44
33 45
33 46
33 47
33 50
33 51
33 52
33 53
33 56
33 58
33 61
33 62
33 63
33 65
33 66
33 67
33 68
33 69
33 70
33 76
33 82
33 83
33 84
33 87
33 89
33 91
33 92
33 93
33 94
33 97
33 98
33 101
33 102
33 107
33 111
33 112
33 113
33 115
33 116
33 118
33 120
33 121
33 122
33 126
33 128
33 129
33 133
33 135
33 136
33 137
33 138
33 140
33 142
33 143
33 145
33 146
33 147
33 149
33 151
33 153
33 156
33 160
33 161
33 164
33 165
33 166
33 167
33 168
33 172
33 173
33 175
33 178
33 179
33 180
33 183
33 185
33 186
33 187
33 189
33 190
33 192
33 194
33 195
33 199
34 37
34 38
34 39
34 41
34 42
34 46
34 48
34 50
34 51
34 52
34 57
34 61
34 62
34 63
34 64
34 65
34 66
34 68
34 69
34 70
34 75
34 77
34 78
34 80
34 81
34 83
34 84
34 86
34 88
34 89
34 91
34 92
34 97
34 99
34 101
34 105
34 108
34 111
34 116
34 118
34 119
34 121
34 123
34 124
34 125
34 127
34 128
34 129
34 135
34 137
34 139
34 141
34 143
34 145
34 146
34 147
34 148
34 149
34 150
34 151
34 153
34 158
34 161
34 164
34 166
34 170
34 172
34 173
34 176
34 177
34 178
34 181
34 182
34 184
34 192
34 194
34 198
35 39
35 42
35 43
35 44
35 47
35 48
35 49
35 51
35 52
35 55
35 56
35 57
35 63
35 66
35 67
35 75
35 78
35 80
35 81
35 82
35 83
35 84
35 87
35 89
35 93
35 94
35 95
35 97
35 98
35 99
35 100
35 101
35 106
35 107
35 108
35 109
35 111
35 112
35 113
35 117
35 118
35 119
35 121
35 124
35 126
35 127
35 128
35 131
35 138
35 140
35 141
35 146
35 149
35 150
35 153
35 154
35 156
35 157
35 159
35 160
35 162
35 164
35 165
35 169
35 170
35 173
35 176
35 177
35 178
35 179
35 180
35 181
35 183
35 184
35 185
35 187
35 189
35 192
35 198
35 199
36 37
36 39
36 40
36 43
36 44
36 45
36 46
36 47
36 49
36 52
36 55
36 56
36 57
36 58
36 61
36 62
36 65
36 70
36 72
36 73
36 74
36 79
36 82
36 84
36 85
36 86
36 89
36 91
36 93
36 94
36 95
36 96
36 101
36 103
36 110
36 112
36 113
36 114
36 117
36 121
36 123
36 127
36 128
36 133
36 134
36 140
36 143
36 151
36 154
36 156
36 160
36 162
36 163
36 166
36 171
36 173
36 174
36 176
36 177
36 178
36 179
36 181
36 184
36 185
36 188
36 189
36 190
36 191
36 192
36 193
36 196
36 198
37 40
37 41
37 43
37 44
37 45
37 47
37 50
37 53
37 56
37 60
37 63
37 65
37 67
37 70
37 71
37 72
37 76
37 77
37 78
37 79
37 82
37 83
37 84
37 86
37 91
37 93
37 94
37 97
37 102
37 103
37 105
37 107
37 109
37 111
37 114
37 116
37 117
37 119
37 120
37 124
37 126
37 127
37 130
37 134
37 135
37 137
37 138
37 139
37 140
37 141
37 142
37 143
37 149
37 151
37 153
37 154
37 155
37 160
37 162
37 163
37 164
37 166
37 167
37 168
37 169
37 170
37 171
37 172
37 173
37 176
37 177
37 178
37 179
37 182
37 185
37 187
37 195
37 196
37 199
38 39
38 41
38 44
38 45
38 46
38 47
38 48
38 49
38 51
38 52
38 55
38 56
38 58
38 59
38 60
38 62
38 64
38 66
38 67
38 72
38 73
38 81
38 86
38 89
38 92
38 94
38 97
38 102
38 104
38 105
38 106
38 107
38 108
38 110
38 112
38 113
38 114
38 116
38 120
38 123
38 125
38 128
38 129
38 131
38 132
38 136
38 140
38 141
38 144
38 145
38 146
38 148
38 150
38 154
38 155
38 159
38 161
38 162
38 163
38 164
38 166
38 167
38 168
38 170
38 172
38 174
38 176
38 177
38 178
38 179
38 180
38 185
38 189
38 190
38 192
38 193
38 197
38 198
38 199
39 41
39 42
39 44
39 45
39 46
39 47
39 49
39 54
39 55
39 56
39 59
39 60
39 61
39 62
39 64
39 68
39 70
39 74
39 75
39 76
39 79
39 80
39 81
39 87
39 88
39 90
39 93
39 94
39 95
39 96
39 97
39 102
39 104
39 111
39 112
39 113
39 115
39 116
39 120
39 126
39 128
39 134
39 138
39 141
39 145
39 146
39 148
39 151
39 154
39 155
39 156
39 157
39 159
39 162
39 166
39 170
39 171
39 172
39 177
39 178
39 183
39 185
39 186
39 187
39 188
39 189
39 196
39 198
39 199
40 43
40 44
40 45
40 46
40 47
40 56
40 57
40 59
40 65
40 67
40 68
40 69
40 70
40 72
40 73
40 75
40 81
40 82
40 83
40 84
40 85
40 87
40 88
40 91
40 92
40 96
40 99
40 102
40 110
40 112
40 118
40 122
40 124
40 125
40 126
40 127
40 128
40 131
40 132
40 134
40 136
40 138
40 139
40 141
40 142
40 145
40 146
40 147
40 150
40 152
40 154
40 157
40 160
40 162
40 166
40 171
40 173
40 175
40 176
40 186
40 187
40 188
40 189
40 190
40 191
40 192
40 194
40 195
40 196
41 42
41 45
41 48
41 50
41 52
41 53
41 54
41 57
41 58
41 59
41 64
41 68
41 70
41 71
41 72
41 73
41 74
41 76
41 79
41 81
41 82
41 83
41 84
41 86
41 92
41 94
41 95
41 102
41 103
41 108
41 109
41 110
41 111
41 112
41 113
41 115
41 116
41 117
41 118
41 119
41 122
41 123
41 125
41 127
41 129
41 130
41 131
41 133
41 137
41 139
41 141
41 143
41 147
41 148
41 150
41 151
41 152
41 153
41 158
41 159
41 160
41 162
41 163
41 164
41 165
41 166
41 167
41 169
41 175
41 176
41 179
41 182
41 183
41 184
41 186
41 188
41 191
41 192
41 193
41 196
41 197
41 198
42 43
42 44
42 48
42 49
42 51
42 52
42 53
42 60
42 62
42 63
42 64
42 65
42 66
42 70
42 72
42 76
42 77
42 79
42 87
42 88
42 91
42 92
42 94
42 97
42 100
42 102
42 103
42 106
42 107
42 108
42 109
42 111
42 112
42 113
42 116
42 122
42 123
42 126
42 133
42 134
42 136
42 138
42 139
42 140
42 141
42 142
42 143
42 145
42 146
42 147
42 148
42 149
42 150
42 151
42 153
42 155
42 157
42 158
42 160
42 161
42 163
42 164
42 167
42 168
42 171
42 174
42 175
42 176
42 178
42 179
42 183
42 184
42 185
42 186
42 188
42 190
42 191
42 196
43 44
43 45
43 48
43 49
43 50
43 51
43 52
43 56
43 59
43 60
43 61
43 64
43 65
43 67
43 68
43 69
43 71
43 72
43 73
43 74
43 76
43 77
43 78
43 79
43 81
43 82
43 85
43 86
43 87
43 88
43 92
43 93
43 94
43 96
43 97
43 101
43 102
43 104
43 105
43 106
43 107
43 108
43 111
43 112
43 113
43 114
43 118
43 119
43 121
43 124
43 125
43 130
43 131
43 133
43 136
43 137
43 138
43 139
43 140
43 141
43 144
43 146
43 148
43 150
43 153
43 155
43 158
43 159
43 160
43 163
43 164
43 166
43 170
43 171
43 172
43 175
43 176
43 177
43 179
43 180
43 184
43 185
43 188
43 190
43 193
43 194
44 48
44 49
44 50
44 51
44 52
44 53
44 54
44 55
44 57
44 58
44 60
44 63
44 65
44 66
44 67
44 69
44 70
44 72
44 73
44 74
44 75
44 76
44 78
44 79
44 80
44 81
44 82
44 83
44 86
44 88
44 89
44 91
44 94
44 96
44 97
44 102
44 103
44 106
44 108
44 112
44 113
44 115
44 119
44 121
44 122
44 123
44 124
44 125
44 126
44 128
44 129
44 130
44 132
44 133
44 135
44 136
44 138
44 140
44 142
44 145
44 146
44 147
44 149
44 151
44 154
44 158
44 160
44 166
44 169
44 170
44 174
44 175
44 176
44 177
44 178
44 179
44 183
44 184
44 185
44 186
44 188
44 190
44 191
44 193
44 195
44 198
45 47
45 51
45 53
45 56
45 59
45 61
45 62
45 63
45 65
45 66
45 68
45 70
45 71
45 73
45 74
45 75
45 77
45 78
45 79
45 82
45 85
45 86
45 87
45 88
45 91
45 92
45 94
45 96
45 98
45 101
45 104
45 108
45 109
45 110
45 111
45 112
45 118
45 119
45 120
45 122
45 126
45 127
45 128
45 129
45 132
45 133
45 138
45 141
45 142
45 144
45 145
45 147
45 150
45 153
45 154
45 156
45 157
45 158
45 162
45 163
45 164
45 166
45 167
45 169
45 170
45 171
45 172
45 174
45 176
45 178
45 179
45 180
45 181
45 182
45 183
45 185
45 188
45 191
45 193
45 194
45 199
46 47
46 48
46 50
46 52
46 53
46 54
46 56
46 59
46 60
46 61
46 62
46 63
46 68
46 69
46 73
46 75
46 78
46 79
46 81
46 84
46 86
46 91
46 94
46 95
46 96
46 97
46 98
46 105
46 107
46 110
46 112
46 113
46 116
46 119
46 120
46 122
46 125
46 127
46 130
46 133
46 134
46 136
46 138
46 139
46 145
46 146
46 148
46 149
46 150
46 151
46 153
46 155
46 156
46 157
46 159
46 160
46 162
46 167
46 174
46 177
46 178
46 179
46 186
46 187
46 190
46 191
46 193
46 195
46 196
46 199
47 48
47 50
47 51
47 52
47 53
47 54
47 55
47 56
47 58
47 59
47 66
47 68
47 69
47 70
47 71
47 72
47 73
47 75
47 77
47 78
47 82
47 83
47 84
47 89
47 92
47 94
47 100
47 101
47 104
47 105
47 108
47 109
47 111
47 114
47 115
47 116
47 117
47 118
47 120
47 123
47 124
47 125
47 131
47 132
47 135
47 137
47 141
47 142
47 143
47 144
47 145
47 146
47 148
47 150
47 151
47 154
47 157
47 158
47 159
47 160
47 162
47 163
47 166
47 167
47 170
47 171
47 173
47 174
47 175
47 176
47 177
47 179
47 181
47 182
47 183
47 184
47 185
47 187
47 189
47 190
47 191
47 195
47 196
47 199
48 49
48 51
48 52
48 57
48 60
48 63
48 68
48 72
48 73
48 75
48 77
48 78
48 81
48 85
48 86
48 87
48 88
48 89
48 90
48 91
48 92
48 94
48 96
48 100
48 101
48 103
48 104
48 105
48 106
48 107
48 109
48 110
48 112
48 115
48 116
48 118
48 119
48 120
48 124
48 125
48 127
48 128
48 129
48 131
48 132
48 136
48 138
48 139
48 141
48 143
48 144
48 145
48 146
48 147
48 150
48 151
48 155
48 158
48 161
48 163
48 165
48 166
48 167
48 168
48 171
48 172
48 173
48 175
48 176
48 177
48 180
48 181
48 182
48 183
48 184
48 185
48 188
48 189
48 190
48 191
48 195
48 196
48 198
48 199
49 50
49 55
49 57
49 59
49 60
49 61
49 64
49 66
49 67
49 71
49 72
49 73
49 74
49 77
49 79
49 81
49 82
49 83
49 84
49 85
49 86
49 88
49 89
49 90
49 92
49 94
49 99
49 100
49 101
49 102
49 105
49 107
49 108
49 111
49 115
49 117
49 118
49 119
49 120
49 122
49 124
49 127
49 128
49 129
49 133
49 134
49 137
49 140
49 141
49 144
49 146
49 149
49 150
49 152
49 153
49 154
49 155
49 156
49 157
49 159
49 160
49 161
49 163
49 165
49 166
49 167
49 168
49 169
49 170
49 172
49 173
49 175
49 179
49 182
49 183
49 185
49 189
49 192
49 194
49 195
49 196
49 197
50 53
50 54
50 55
50 58
50 59
50 60
50 63
50 64
50 65
50 66
50 67
50 70
50 71
50 72
50 74
50 75
50 76
50 78
50 79
50 80
50 82
50 84
50 89
50 92
50 93
50 103
50 106
50 107
50 108
50 111
50 118
50 119
50 125
50 126
50 129
50 130
50 131
50 134
50 142
50 143
50 144
50 145
50 149
50 153
50 154
50 157
50 160
50 161
50 165
50 166
50 169
50 171
50 173
50 174
50 175
50 177
50 178
50 180
50 181
50 183
50 184
50 185
50 188
50 192
50 194
50 198
51 52
51 53
51 56
51 59
51 61
51 62
51 67
51 69
51 71
51 72
51 73
51 74
51 76
51 77
51 80
51 81
51 82
51 83
51 84
51 85
51 86
51 89
51 90
51 92
51 94
51 97
51 101
51 104
51 105
51 106
51 110
51 112
51 115
51 116
51 118
51 119
51 121
51 122
51 125
51 127
51 129
51 132
51 133
51 139
51 140
51 141
51 142
51 148
51 151
51 155
51 159
51 161
51 162
51 163
51 166
51 167
51 169
51 174
51 175
51 176
51 177
51 178
51 181
51 182
51 183
51 184
51 188
51 190
51 191
51 192
51 195
51 196
51 199
52 55
52 57
52 58
52 59
52 61
52 62
52 68
52 70
52 71
52 72
52 73
52 74
52 75
52 76
52 77
52 79
52 81
52 82
52 83
52 85
52 86
52 87
52 88
52 91
52 92
52 95
52 96
52 101
52 103
52 105
52 109
52 110
52 111
52 113
52 114
52 116
52 117
52 119
52 120
52 121
52 123
52 124
52 126
52 130
52 132
52 134
52 136
52 137
52 138
52 139
52 140
52 141
52 145
52 147
52 152
52 153
52 154
52 156
52 160
52 162
52 163
52 164
52 169
52 170
52 171
52 173
52 174
52 176
52 177
52 182
52 183
52 184
52 187
52 188
52 189
52 190
52 191
52 195
52 196
52 197
52 199
53 54
53 56
53 57
53 58
53 59
53 65
53 66
53 67
53 68
53 69
53 70
53 72
53 73
53 74
53 76
53 79
53 80
53 83
53 85
53 87
53 90
53 94
53 97
53 98
53 99
53 101
53 103
53 106
53 108
53 113
53 114
53 117
53 118
53 123
53 125
53 128
53 132
53 136
53 140
53 143
53 145
53 150
53 152
53 155
53 156
53 161
53 162
53 163
53 164
53 165
53 168
53 169
53 170
53 173
53 175
53 177
53 178
53 179
53 183
53 186
53 187
53 189
53 191
53 192
53 194
53 196
53 199
54 55
54 59
54 60
54 62
54 63
54 64
54 67
54 70
54 72
54 73
54 74
54 78
54 83
54 84
54 85
54 86
54 87
54 89
54 93
54 94
54 98
54 99
54 100
54 102
54 104
54 105
54 106
54 107
54 108
54 109
54 110
54 111
54 113
54 114
54 115
54 117
54 119
54 120
54 121
54 123
54 124
54 128
54 129
54 133
54 134
54 138
54 141
54 144
54 145
54 146
54 148
54 152
54 154
54 155
54 161
54 165
54 169
54 173
54 174
54 176
54 177
54 183
54 185
54 188
54 191
54 192
54 195
54 196
54 198
54 199
55 56
55 58
55 59
55 61
55 62
55 63
55 68
55 70
55 71
55 74
55 79
55 88
55 89
55 90
55 92
55 93
55 95
55 96
55 98
55 103
55 105
55 107
55 109
55 110
55 111
55 112
55 114
55 116
55 119
55 120
55 122
55 124
55 126
55 127
55 128
55 129
55 134
55 138
55 139
55 142
55 143
55 144
55 145
55 148
55 149
55 151
55 156
55 157
55 158
55 159
55 163
55 167
55 168
55 171
55 173
55 180
55 181
55 182
55 186
55 188
55 189
55 191
55 192
55 196
55 197
55 199
56 57
56 60
56 62
56 63
56 64
56 65
56 66
56 68
56 71
56 72
56 73
56 77
56 79
56 80
56 84
56 85
56 86
56 87
56 89
56 94
56 95
56 98
56 100
56 102
56 105
56 107
56 109
56 110
56 111
56 113
56 114
56 116
56 120
56 121
56 122
56 123
56 124
56 126
56 129
56 130
56 134
56 135
56 141
56 142
56 143
56 145
56 146
56 147
56 149
56 151
56 152
56 155
56 156
56 157
56 159
56 160
56 161
56 162
56 164
56 167
56 168
56 169
56 170
56 171
56 172
56 173
56 174
56 175
56 176
56 177
56 180
56 185
56 186
56 188
56 189
56 190
56 191
56 194
56 198
56 199
57 58
57 59
57 60
57 65
57 67
57 69
57 73
57 76
57 84
57 86
57 89
57 90
57 93
57 95
57 97
57 98
57 99
57 100
57 101
57 102
57 103
57 104
57 108
57 117
57 122
57 123
57 126
57 127
57 128
57 133
57 137
57 139
57 142
57 143
57 144
57 146
57 150
57 151
57 152
57 155
57 156
57 157
57 159
57 160
57 164
57 165
57 166
57 168
57 172
57 174
57 177
57 178
57 179
57 182
57 183
57 184
57 185
57 186
57 189
57 190
57 191
57 194
57 195
57 199
58 59
58 60
58 61
58 63
58 64
58 65
58 68
58 69
58 71
58 72
58 77
58 81
58 82
58 84
58 85
58 88
58 89
58 90
58 91
58 93
58 103
58 105
58 106
58 107
58 109
58 113
58 115
58 117
58 121
58 123
58 125
58 127
58 129
58 130
58 134
58 135
58 137
58 138
58 139
58 141
58 143
58 144
58 145
58 151
58 154
58 159
58 161
58 163
58 164
58 165
58 166
58 168
58 170
58 171
58 173
58 177
58 178
58 179
58 181
58 183
58 186
58 188
58 189
58 190
58 193
58 194
58 195
58 199
59 61
59 62
59 66
59 75
59 76
59 79
59 86
59 88
59 90
59 93
59 94
59 98
59 99
59 100
59 102
59 105
59 108
59 109
59 112
59 114
59 117
59 118
59 119
59 121
59 122
59 123
59 124
59 125
59 126
59 127
59 131
59 132
59 134
59 135
59 136
59 139
59 140
59 141
59 142
59 143
59 144
59 148
59 150
59 151
59 155
59 157
59 160
59 165
59 166
59 168
59 170
59 171
59 175
59 177
59 179
59 182
59 187
59 189
59 190
59 191
59 192
59 196
60 61
60 63
60 64
60 65
60 67
60 71
60 72
60 75
60 77
60 79
60 80
60 81
60 82
60 83
60 84
60 85
60 86
60 88
60 89
60 90
60 91
60 94
60 96
60 98
60 101
60 102
60 104
60 106
60 108
60 109
60 111
60 114
60 116
60 117
60 118
60 120
60 121
60 125
60 126
60 127
60 130
60 131
60 134
60 135
60 137
60 143
60 144
60 145
60 147
60 148
60 149
60 152
60 153
60 156
60 157
60 158
60 162
60 166
60 167
60 168
60 170
60 172
60 174
60 177
60 179
60 180
60 182
60 184
60 185
60 186
60 188
60 189
60 190
60 191
60 192
60 195
60 196
61 62
61 64
61 66
61 68
61 70
61 73
61 76
61 78
61 79
61 82
61 84
61 88
61 91
61 93
61 94
61 95
61 96
61 97
61 98
61 102
61 103
61 104
61 106
61 108
61 110
61 111
61 112
61 114
61 115
61 118
61 123
61 124
61 125
61 127
61 128
61 129
61 132
61 135
61 137
61 145
61 146
61 149
61 150
61 152
61 153
61 155
61 156
61 158
61 159
61 162
61 164
61 165
61 166
61 171
61 178
61 179
61 180
61 185
61 187
61 189
61 194
61 197
61 199
62 64
62 67
62 70
62 71
62 72
62 75
62 76
62 77
62 79
62 80
62 84
62 88
62 90
62 91
62 92
62 94
62 95
62 96
62 99
62 100
62 101
62 102
62 103
62 104
62 105
62 107
62 108
62 110
62 111
62 112
62 113
62 114
62 115
62 116
62 117
62 123
62 125
62 126
62 128
62 130
62 133
62 134
62 135
62 139
62 140
62 141
62 142
62 143
62 144
62 147
62 149
62 157
62 158
62 161
62 162
62 163
62 166
62 167
62 170
62 172
62 173
62 175
62 176
62 177
62 178
62 181
62 184
62 185
62 187
62 188
62 191
62 192
62 193
62 194
62 195
63 64
63 65
63 67
63 68
63 69
63 71
63 74
63 76
63 78
63 79
63 82
63 83
63 84
63 89
63 90
63 92
63 95
63 96
63 97
63 98
63 100
63 101
63 102
63 105
63 107
63 108
63 114
63 115
63 116
63 117
63 118
63 121
63 124
63 130
63 131
63 132
63 134
63 136
63 139
63 140
63 142
63 144
63 145
63 148
63 152
63 153
63 157
63 160
63 161
63 167
63 168
63 170
63 172
63 174
63 176
63 177
63 178
63 179
63 181
63 183
63 185
63 187
63 188
63 189
63 190
63 192
63 197
63 199
64 66
64 69
64 70
64 71
64 73
64 74
64 78
64 79
64 80
64 83
64 84
64 86
64 87
64 88
64 92
64 100
64 104
64 105
64 111
64 112
64 114
64 116
64 117
64 120
64 122
64 124
64 125
64 127
64 129
64 130
64 131
64 134
64 135
64 136
64 137
64 138
64 141
64 142
64 143
64 144
64 145
64 147
64 148
64 149
64 151
64 154
64 155
64 156
64 160
64 162
64 164
64 166
64 167
64 170
64 171
64 173
64 175
64 177
64 178
64 179
64 180
64 183
64 184
64 185
64 189
64 194
64 196
64 197
64 198
64 199
65 66
65 67
65 68
65 70
65 73
65 74
65 75
65 77
65 78
65 80
65 81
65 82
65 84
65 86
65 87
65 90
65 91
65 95
65 98
65 99
65 102
65 103
65 104
65 106
65 107
65 108
65 110
65 113
65 114
65 115
65 116
65 117
65 127
65 128
65 129
65 130
65 131
65 132
65 134
65 136
65 137
65 139
65 141
65 145
65 147
65 148
65 151
65 153
65 154
65 155
65 156
65 161
65 162
65 164
65 166
65 167
65 168
65 169
65 170
65 172
65 173
65 175
65 177
65 180
65 181
65 182
65 184
65 186
65 188
65 189
65 194
65 197
65 198
66 70
66 72
66 73
66 75
66 76
66 77
66 86
66 87
66 91
66 94
66 95
66 96
66 97
66 98
66 99
66 101
66 104
66 105
66 115
66 117
66 119
66 120
66 122
66 123
66 125
66 127
66 128
66 129
66 132
66 133
66 135
66 140
66 143
66 144
66 145
66 146
66 148
66 152
66 153
66 154
66 155
66 157
66 158
66 159
66 165
66 168
66 169
66 170
66 172
66 176
66 179
66 180
66 182
66 183
66 185
66 186
66 187
66 189
66 194
66 195
66 197
66 198
66 199
67 68
67 71
67 72
67 73
67 74
67 76
67 78
67 80
67 81
67 82
67 83
67 84
67 85
67 86
67 88
67 90
67 98
67 100
67 104
67 105
67 106
67 107
67 110
67 111
67 112
67 114
67 116
67 117
67 118
67 119
67 120
67 123
67 125
67 127
67 128
67 129
67 131
67 132
67 134
67 138
67 140
67 141
67 143
67 145
67 146
67 147
67 148
67 149
67 151
67 152
67 155
67 156
67 159
67 162
67 169
67 170
67 171
67 173
67 174
67 175
67 178
67 181
67 184
67 186
67 187
67 189
67 191
67 192
67 194
67 196
67 199
68 71
68 72
68 73
68 74
68 76
68 77
68 78
68 79
68 81
68 82
68 87
68 90
68 92
68 93
68 94
68 95
68 98
68 99
68 103
68 104
68 105
68 106
68 107
68 108
68 109
68 112
68 113
68 114
68 115
68 116
68 118
68 119
68 120
68 122
68 126
68 135
68 137
68 139
68 143
68 145
68 146
68 149
68 151
68 154
68 155
68 156
68 158
68 161
68 162
68 163
68 164
68 165
68 166
68 169
68 170
68 172
68 173
68 174
68 175
68 178
68 179
68 180
68 181
68 182
68 183
68 185
68 186
68 187
68 188
68 189
68 192
68 194
68 196
68 199
69 70
69 71
69 74
69 75
69 76
69 82
69 83
69 87
69 89
69 90
69 91
69 94
69 101
69 103
69 118
69 120
69 122
69 123
69 126
69 128
69 129
69 134
69 136
69 137
69 138
69 139
69 140
69 142
69 143
69 146
69 148
69 149
69 150
69 151
69 152
69 153
69 154
69 159
69 160
69 163
69 165
69 166
69 167
69 168
69 172
69 173
69 176
69 177
69 178
69 179
69 181
69 182
69 184
69 186
69 188
69 189
69 192
69 193
69 197
69 198
69 199
70 72
70 73
70 74
70 77
70 81
70 82
70 83
70 84
70 85
70 86
70 88
70 91
70 96
70 97
70 106
70 108
70 110
70 111
70 115
70 117
70 118
70 123
70 126
70 128
70 129
70 130
70 134
70 136
70 137
70 139
70 141
70 142
70 143
70 146
70 147
70 148
70 149
70 152
70 156
70 157
70 159
70 161
70 163
70 164
70 166
70 172
70 173
70 174
70 176
70 178
70 180
70 181
70 182
70 184
70 185
70 186
70 188
70 189
70 192
70 193
70 196
71 72
71 75
71 78
71 79
71 80
71 81
71 87
71 88
71 89
71 90
71 91
71 93
71 97
71 98
71 99
71 103
71 105
71 106
71 107
71 108
71 109
71 110
71 111
71 115
71 116
71 118
71 120
71 126
71 127
71 128
71 129
71 130
71 131
71 132
71 136
71 137
71 140
71 142
71 145
71 146
71 148
71 150
71 154
71 155
71 157
71 158
71 159
71 160
71 161
71 164
71 166
71 168
71 171
71 172
71 173
71 174
71 175
71 177
71 179
71 183
71 184
71 185
71 186
71 187
71 191
71 193
71 196
71 198
72 73
72 77
72 81
72 82
72 85
72 88
72 90
72 93
72 94
72 95
72 100
72 103
72 105
72 106
72 107
72 108
72 109
72 112
72 113
72 114
72 116
72 117
72 120
72 121
72 123
72 126
72 127
72 128
72 129
72 130
72 132
72 133
72 134
72 136
72 137
72 140
72 143
72 144
72 146
72 150
72 155
72 161
72 163
72 164
72 165
72 166
72 170
72 173
72 174
72 177
72 178
72 183
72 188
72 189
72 191
72 192
72 193
72 195
72 196
72 198
73 74
73 75
73 77
73 78
73 79
73 82
73 83
73 84
73 91
73 92
73 93
73 95
73 98
73 100
73 101
73 103
73 104
73 105
73 106
73 108
73 110
73 113
73 114
73 115
73 119
73 122
73 123
73 125
73 127
73 129
73 130
73 133
73 135
73 137
73 138
73 140
73 141
73 142
73 144
73 148
73 149
73 150
73 151
73 152
73 157
73 158
73 159
73 164
73 165
73 166
73 168
73 169
73 170
73 173
73 174
73 175
73 178
73 179
73 181
73 185
73 187
73 188
73 190
73 192
73 193
73 195
73 197
74 76
74 77
74 79
74 83
74 86
74 87
74 88
74 89
74 91
74 92
74 93
74 94
74 96
74 97
74 98
74 100
74 101
74 102
74 106
74 107
74 108
74 117
74 121
74 123
74 124
74 125
74 126
74 129
74 130
74 131
74 133
74 140
74 141
74 143
74 147
74 150
74 152
74 155
74 158
74 159
74 161
74 162
74 163
74 166
74 167
74 168
74 170
74 171
74 175
74 176
74 177
74 179
74 182
74 183
74 185
74 193
74 194
74 195
75 77
75 81
75 82
75 83
75 85
75 86
75 87
75 90
75 91
75 92
75 93
75 94
75 95
75 98
75 99
75 106
75 107
75 109
75 111
75 112
75 113
75 114
75 115
75 116
75 118
75 119
75 120
75 123
75 126
75 127
75 128
75 129
75 135
75 136
75 140
75 142
75 143
75 144
75 145
75 146
75 147
75 149
75 150
75 151
75 153
75 159
75 160
75 161
75 163
75 166
75 167
75 169
75 170
75 171
75 172
75 173
75 175
75 176
75 179
75 180
75 181
75 183
75 185
75 187
75 190
75 192
75 196
75 198
76 78
76 79
76 80
76 81
76 82
76 88
76 89
76 90
76 91
76 94
76 95
76 98
76 100
76 101
76 102
76 104
76 106
76 108
76 110
76 112
76 113
76 114
76 116
76 117
76 119
76 120
76 121
76 124
76 126
76 127
76 129
76 131
76 135
76 136
76 139
76 140
76 142
76 143
76 144
76 145
76 146
76 149
76 150
76 156
76 157
76 160
76 166
76 169
76 170
76 171
76 172
76 173
76 179
76 181
76 183
76 186
76 187
76 189
76 190
76 191
76 193
76 195
76 196
76 197
76 198
76 199
77 78
77 81
77 82
77 83
77 84
77 85
77 89
77 92
77 93
77 94
77 95
77 96
77 97
77 98
77 99
77 100
77 102
77 104
77 106
77 108
77 110
77 116
77 117
77 121
77 123
77 130
77 131
77 133
77 135
77 136
77 138
77 139
77 141
77 142
77 143
77 144
77 145
77 147
77 148
77 149
77 151
77 152
77 163
77 165
77 166
77 168
77 169
77 174
77 176
77 177
77 179
77 181
77 182
77 183
77 185
77 186
77 187
77 189
77 190
77 191
77 192
77 194
77 197
77 198
78 79
78 80
78 83
78 84
78 85
78 87
78 88
78 90
78 91
78 94
78 95
78 96
78 97
78 102
78 105
78 106
78 107
78 108
78 110
78 111
78 112
78 113
78 114
78 115
78 117
78 118
78 119
78 120
78 122
78 129
78 130
78 131
78 132
78 135
78 138
78 140
78 145
78 148
78 153
78 154
78 155
78 159
78 160
78 164
78 169
78 170
78 171
78 172
78 175
78 176
78 178
78 181
78 184
78 185
78 189
78 190
78 192
78 193
78 198
79 82
79 83
79 84
79 85
79 87
79 88
79 90
79 91
79 94
79 95
79 98
79 100
79 101
79 102
79 104
79 105
79 109
79 111
79 112
79 113
79 114
79 115
79 119
79 121
79 122
79 125
79 132
79 133
79 137
79 139
79 142
79 145
79 147
79 151
79 154
79 158
79 160
79 163
79 164
79 166
79 167
79 168
79 169
79 171
79 172
79 173
79 176
79 178
79 179
79 182
79 185
79 186
79 187
79 191
79 194
79 195
79 197
80 82
80 88
80 91
80 93
80 94
80 96
80 101
80 102
80 103
80 105
80 109
80 110
80 112
80 115
80 117
80 120
80 121
80 123
80 124
80 126
80 127
80 129
80 130
80 132
80 133
80 134
80 136
80 137
80 138
80 140
80 142
80 144
80 146
80 149
80 150
80 151
80 155
80 158
80 159
80 163
80 164
80 168
80 169
80 170
80 172
80 173
80 177
80 179
80 180
80 181
80 183
80 186
80 187
80 188
80 189
80 192
80 195
80 197
81 85
81 87
81 88
81 89
81 90
81 91
81 93
81 95
81 97
81 98
81 99
81 102
81 105
81 107
81 108
81 109
81 111
81 112
81 116
81 117
81 119
81 120
81 124
81 125
81 126
81 129
81 134
81 136
81 137
81 138
81 139
81 140
81 141
81 142
81 143
81 145
81 151
81 152
81 153
81 155
81 157
81 158
81 162
81 163
81 164
81 166
81 168
81 175
81 176
81 178
81 179
81 180
81 183
81 184
81 187
81 188
81 189
81 191
81 192
81 193
81 194
81 195
81 197
81 198
81 199
82 86
82 90
82 93
82 96
82 100
82 102
82 105
82 109
82 110
82 111
82 113
82 114
82 116
82 117
82 118
82 119
82 120
82 122
82 123
82 124
82 127
82 128
82 130
82 132
82 133
82 134
82 140
82 141
82 144
82 145
82 146
82 151
82 155
82 156
82 159
82 160
82 161
82 163
82 164
82 165
82 166
82 167
82 171
82 174
82 180
82 183
82 185
82 186
82 187
82 189
82 190
82 191
82 193
82 194
82 197
83 89
83 91
83 93
83 100
83 101
83 103
83 107
83 108
83 109
83 110
83 111
83 113
83 116
83 120
83 125
83 129
83 131
83 133
83 134
83 135
83 136
83 137
83 139
83 142
83 143
83 146
83 147
83 150
83 153
83 156
83 157
83 158
83 161
83 162
83 164
83 165
83 166
83 167
83 169
83 172
83 173
83 174
83 175
83 179
83 180
83 185
83 186
83 187
83 193
83 194
83 198
83 199
84 86
84 87
84 88
84 90
84 93
84 95
84 98
84 99
84 102
84 103
84 105
84 106
84 107
84 108
84 109
84 111
84 112
84 116
84 117
84 119
84 122
84 125
84 128
84 129
84 130
84 131
84 132
84 137
84 143
84 144
84 145
84 146
84 147
84 148
84 153
84 155
84 157
84 159
84 160
84 161
84 162
84 163
84 164
84 165
84 166
84 169
84 171
84 174
84 177
84 180
84 181
84 182
84 184
84 187
84 188
84 190
84 191
84 192
84 194
84 197
85 89
85 92
85 95
85 96
85 98
85 99
85 101
85 103
85 104
85 105
85 108
85 109
85 110
85 112
85 113
85 114
85 115
85 117
85 118
85 119
85 120
85 121
85 123
85 125
85 130
85 133
85 134
85 135
85 137
85 139
85 141
85 145
85 146
85 149
85 151
85 153
85 156
85 157
85 163
85 168
85 169
85 170
85 173
85 175
85 176
85 180
85 184
85 185
85 186
85 187
85 188
85 189
85 193
85 194
85 195
85 197
85 199
86 87
86 88
86 89
86 92
86 94
86 97
86 98
86 99
86 100
86 101
86 104
86 106
86 108
86 109
86 110
86 111
86 112
86 115
86 117
86 122
86 123
86 127
86 128
86 129
86 130
86 131
86 133
86 134
86 135
86 137
86 139
86 140
86 143
86 144
86 145
86 153
86 155
86 156
86 157
86 158
86 159
86 162
86 166
86 167
86 169
86 170
86 171
86 173
86 174
86 178
86 180
86 181
86 182
86 186
86 187
86 188
86 190
86 191
86 192
86 193
86 194
86 195
86 197
86 198
87 92
87 96
87 97
87 99
87 101
87 106
87 107
87 109
87 111
87 112
87 114
87 115
87 116
87 118
87 120
87 121
87 124
87 125
87 126
87 127
87 130
87 131
87 132
87 134
87 135
87 140
87 145
87 147
87 148
87 150
87 152
87 153
87 155
87 157
87 159
87 160
87 164
87 165
87 175
87 176
87 177
87 183
87 187
87 189
87 190
87 191
87 196
88 90
88 91
88 94
88 97
88 98
88 99
88 100
88 101
88 102
88 103
88 105
88 106
88 107
88 110
88 111
88 119
88 121
88 123
88 124
88 125
88 126
88 128
88 130
88 131
88 132
88 134
88 135
88 136
88 137
88 139
88 140
88 141
88 142
88 144
88 147
88 148
88 151
88 153
88 154
88 155
88 156
88 160
88 161
88 162
88 163
88 164
88 165
88 166
88 170
88 172
88 173
88 174
88 177
88 179
88 182
88 184
88 186
88 187
88 190
88 193
88 194
88 197
88 199
89 92
89 93
89 94
89 96
89 98
89 100
89 101
89 102
89 104
89 105
89 106
89 107
89 109
89 115
89 116
89 120
89 122
89 123
89 126
89 129
89 133
89 134
89 136
89 137
89 138
89 139
89 141
89 142
89 146
89 148
89 149
89 151
89 152
89 153
89 154
89 155
89 156
89 158
89 159
89 165
89 168
89 171
89 173
89 174
89 177
89 180
89 183
89 188
89 189
89 191
89 193
89 194
89 197
90 91
90 94
90 95
90 96
90 101
90 102
90 104
90 105
90 108
90 110
90 117
90 118
90 119
90 121
90 124
90 125
90 126
90 128
90 129
90 131
90 133
90 134
90 137
90 138
90 139
90 141
90 142
90 145
90 146
90 153
90 154
90 157
90 160
90 161
90 165
90 169
90 170
90 171
90 172
90 173
90 174
90 175
90 182
90 184
90 190
90 191
90 193
90 195
90 199
91 93
91 96
91 97
91 98
91 99
91 102
91 105
91 106
91 107
91 109
91 110
91 111
91 113
91 114
91 115
91 117
91 119
91 120
91 121
91 125
91 128
91 129
91 132
91 135
91 137
91 138
91 141
91 142
91 145
91 147
91 148
91 149
91 152
91 153
91 156
91 157
91 163
91 164
91 165
91 167
91 171
91 172
91 174
91 175
91 176
91 177
91 179
91 182
91 184
91 186
91 188
91 190
91 191
91 192
91 193
91 195
91 196
91 197
91 198
91 199
92 94
92 96
92 99
92 100
92 101
92 104
92 107
92 108
92 109
92 110
92 111
92 113
92 114
92 115
92 122
92 123
92 125
92 128
92 134
92 135
92 137
92 138
92 139
92 140
92 141
92 142
92 147
92 148
92 151
92 154
92 155
92 156
92 158
92 160
92 161
92 163
92 166
92 167
92 169
92 170
92 171
92 172
92 177
92 181
92 184
92 186
92 189
92 192
92 194
92 195
92 196
92 197
92 198
93 95
93 96
93 97
93 99
93 101
93 102
93 104
93 106
93 107
93 108
93 111
93 113
93 115
93 118
93 120
93 122
93 126
93 127
93 132
93 134
93 136
93 138
93 140
93 142
93 144
93 145
93 146
93 150
93 151
93 152
93 156
93 158
93 159
93 164
93 165
93 166
93 167
93 168
93 170
93 171
93 172
93 173
93 175
93 176
93 178
93 182
93 185
93 187
93 189
93 191
93 192
93 193
93 194
93 196
93 197
94 95
94 96
94 102
94 106
94 107
94 109
94 110
94 111
94 116
94 117
94 118
94 119
94 121
94 123
94 126
94 130
94 132
94 133
94 134
94 135
94 136
94 137
94 139
94 140
94 141
94 142
94 144
94 145
94 146
94 147
94 148
94 150
94 151
94 157
94 158
94 160
94 161
94 162
94 169
94 170
94 171
94 172
94 174
94 175
94 176
94 178
94 179
94 181
94 184
94 185
94 186
94 187
94 188
94 189
94 192
94 193
94 194
94 197
95 106
95 109
95 111
95 117
95 118
95 119
95 122
95 123
95 124
95 128
95 132
95 139
95 146
95 147
95 150
95 152
95 153
95 156
95 157
95 158
95 160
95 162
95 167
95 170
95 171
95 172
95 173
95 175
95 178
95 182
95 187
95 189
95 190
95 192
95 193
95 195
95 197
96 100
96 102
96 103
96 104
96 105
96 106
96 108
96 111
96 113
96 115
96 117
96 118
96 120
96 121
96 122
96 123
96 124
96 126
96 129
96 130
96 133
96 135
96 136
96 138
96 140
96 145
96 147
96 148
96 149
96 151
96 153
96 157
96 158
96 164
96 167
96 170
96 171
96 172
96 177
96 178
96 179
96 180
96 182
96 183
96 185
96 186
96 189
96 190
96 193
97 99
97 100
97 102
97 103
97 106
97 107
97 108
97 109
97 110
97 112
97 113
97 117
97 118
97 119
97 120
97 121
97 122
97 124
97 127
97 132
97 134
97 135
97 136
97 137
97 139
97 141
97 142
97 143
97 146
97 148
97 149
97 150
97 151
97 152
97 155
97 156
97 157
97 158
97 159
97 160
97 162
97 164
97 165
97 166
97 167
97 170
97 171
97 172
97 173
97 174
97 175
97 177
97 178
97 179
97 180
97 182
97 183
97 189
97 191
97 192
97 193
97 195
97 197
97 199
98 99
98 100
98 102
98 105
98 106
98 110
98 111
98 113
98 114
98 115
98 116
98 117
98 118
98 120
98 122
98 123
98 126
98 128
98 129
98 130
98 133
98 134
98 138
98 143
98 145
98 149
98 151
98 153
98 154
98 155
98 156
98 157
98 159
98 163
98 165
98 166
98 167
98 168
98 169
98 171
98 173
98 177
98 179
98 180
98 181
98 182
98 183
98 186
98 189
98 190
98 191
98 192
98 193
98 195
98 196
98 197
99 103
99 106
99 107
99 110
99 111
99 112
99 113
99 114
99 117
99 122
99 123
99 124
99 125
99 126
99 129
99 131
99 133
99 134
99 136
99 138
99 139
99 140
99 142
99 143
99 144
99 145
99 146
99 147
99 148
99 149
99 150
99 153
99 154
99 157
99 159
99 160
99 165
99 166
99 167
99 168
99 172
99 178
99 181
99 182
99 183
99 184
99 185
99 191
99 192
99 193
99 194
99 196
99 198
100 101
100 102
100 106
100 108
100 110
100 112
100 113
100 115
100 116
100 119
100 121
100 122
100 123
100 125
100 127
100 128
100 135
100 136
100 137
100 138
100 140
100 145
100 146
100 147
100 148
100 151
100 153
100 154
100 161
100 163
100 166
100 167
100 168
100 173
100 174
100 177
100 180
100 185
100 187
100 189
100 190
100 193
100 196
100 198
100 199
101 102
101 105
101 107
101 111
101 112
101 114
101 115
101 116
101 122
101 123
101 127
101 128
101 129
101 130
101 137
101 138
101 142
101 143
101 145
101 147
101 149
101 152
101 153
101 156
101 159
101 160
101 164
101 166
101 168
101 170
101 172
101 173
101 174
101 175
101 176
101 179
101 180
101 181
101 184
101 187
101 188
101 189
101 190
101 191
101 192
101 193
101 196
101 197
101 198
102 106
102 107
102 108
102 109
102 110
102 114
102 115
102 117
102 118
102 120
102 122
102 124
102 128
102 131
102 133
102 134
102 136
102 142
102 143
102 144
102 145
102 148
102 152
102 154
102 155
102 157
102 159
102 161
102 162
102 164
102 166
102 168
102 169
102 171
102 172
102 174
102 175
102 177
102 178
102 179
102 181
102 186
102 187
102 189
102 195
102 198
103 107
103 113
103 115
103 116
103 118
103 119
103 120
103 121
103 122
103 123
103 126
103 127
103 128
103 131
103 134
103 136
103 137
103 139
103 140
103 141
103 142
103 144
103 145
103 146
103 149
103 151
103 152
103 153
103 157
103 158
103 159
103 160
103 162
103 163
103 164
103 165
103 166
103 167
103 168
103 173
103 174
103 175
103 176
103 178
103 180
103 181
103 182
103 183
103 185
103 186
103 187
103 188
103 190
103 191
103 192
103 194
104 105
104 106
104 107
104 109
104 112
104 114
104 115
104 119
104 120
104 121
104 123
104 126
104 127
104 128
104 131
104 132
104 133
104 135
104 136
104 138
104 139
104 140
104 142
104 144
104 145
104 146
104 147
104 148
104 149
104 150
104 151
104 153
104 157
104 162
104 163
104 167
104 168
104 169
104 172
104 173
104 177
104 178
104 179
104 182
104 183
104 185
104 186
104 187
104 188
104 189
104 190
104 192
104 194
104 195
104 199
105 107
105 111
105 112
105 115
105 116
105 117
105 120
105 121
105 124
105 125
105 126
105 130
105 134
105 137
105 138
105 143
105 144
105 145
105 147
105 148
105 149
105 150
105 151
105 152
105 153
105 157
105 164
105 165
105 166
105 168
105 169
105 173
105 176
105 178
105 179
105 181
105 189
105 190
105 191
105 195
105 199
106 107
106 112
106 116
106 121
106 124
106 125
106 127
106 128
106 129
106 133
106 136
106 138
106 139
106 141
106 143
106 146
106 147
106 148
106 149
106 151
106 152
106 153
106 154
106 155
106 157
106 159
106 161
106 162
106 163
106 164
106 169
106 171
106 176
106 178
106 189
106 190
106 191
106 192
106 193
106 194
106 195
106 196
106 198
107 109
107 113
107 116
107 117
107 118
107 119
107 123
107 125
107 127
107 132
107 134
107 139
107 140
107 142
107 144
107 147
107 148
107 152
107 153
107 154
107 156
107 159
107 160
107 162
107 164
107 165
107 167
107 169
107 171
107 172
107 174
107 176
107 178
107 184
107 186
107 189
107 190
107 191
107 192
107 195
107 197
107 199
108 110
108 112
108 113
108 116
108 119
108 121
108 122
108 125
108 129
108 130
108 131
108 133
108 135
108 136
108 138
108 139
108 140
108 143
108 144
108 145
108 147
108 149
108 150
108 151
108 154
108 162
108 165
108 167
108 168
108 171
108 173
108 174
108 180
108 186
108 187
108 188
108 190
108 192
108 194
108 196
109 110
109 111
109 112
109 114
109 116
109 117
109 120
109 123
109 126
109 128
109 129
109 130
109 134
109 143
109 145
109 146
109 147
109 148
109 149
109 151
109 152
109 154
109 158
109 159
109 160
109 163
109 164
109 165
109 166
109 169
109 172
109 174
109 178
109 181
109 182
109 183
109 184
109 185
109 193
109 194
109 196
109 197
109 198
110 111
110 112
110 113
110 114
110 115
110 116
110 117
110 120
110 123
110 124
110 125
110 132
110 136
110 139
110 142
110 143
110 145
110 147
110 148
110 153
110 155
110 156
110 157
110 158
110 160
110 161
110 163
110 168
110 170
110 172
110 174
110 175
110 177
110 182
110 183
110 184
110 187
110 188
110 193
110 194
110 197
110 198
110 199
111 115
111 116
111 118
111 120
111 122
111 123
111 128
111 130
111 133
111 134
111 137
111 138
111 139
111 141
111 142
111 144
111 148
111 149
111 153
111 154
111 157
111 161
111 163
111 166
111 167
111 169
111 171
111 172
111 177
111 185
111 187
111 189
111 190
111 193
111 194
111 195
111 196
111 197
112 114
112 116
112 121
112 123
112 124
112 125
112 126
112 128
112 129
112 130
112 135
112 139
112 142
112 143
112 147
112 150
112 151
112 153
112 155
112 158
112 159
112 160
112 165
112 167
112 169
112 171
112 172
112 174
112 176
112 178
112 182
112 183
112 184
112 187
112 188
112 192
112 193
112 196
112 197
113 115
113 116
113 118
113 119
113 120
113 121
113 123
113 124
113 126
113 129
113 130
113 139
113 140
113 143
113 146
113 150
113 151
113 152
113 155
113 156
113 157
113 158
113 159
113 160
113 166
113 174
113 175
113 178
113 182
113 188
113 189
113 193
113 194
113 197
113 198
113 199
114 115
114 116
114 118
114 119
114 123
114 124
114 126
114 128
114 133
114 135
114 138
114 139
114 140
114 141
114 143
114 144
114 149
114 150
114 152
114 153
114 154
114 155
114 156
114 160
114 161
114 163
114 165
114 168
114 169
114 170
114 171
114 174
114 175
114 177
114 178
114 180
114 181
114 182
114 183
114 184
114 185
114 188
114 189
114 193
114 194
114 197
114 199
115 116
115 117
115 119
115 120
115 121
115 123
115 127
115 128
115 130
115 134
115 135
115 137
115 138
115 140
115 141
115 142
115 144
115 146
115 149
115 152
115 154
115 156
115 158
115 160
115 165
115 167
115 169
115 171
115 172
115 174
115 175
115 177
115 178
115 183
115 184
115 185
115 186
115 188
115 189
115 190
115 195
116 117
116 124
116 125
116 128
116 129
116 130
116 132
116 136
116 137
116 138
116 139
116 140
116 141
116 144
116 145
116 146
116 147
116 150
116 152
116 154
116 156
116 157
116 158
116 159
116 160
116 161
116 163
116 166
116 171
116 174
116 175
116 177
116 179
116 180
116 181
116 182
116 184
116 185
116 186
116 188
116 189
116 190
116 191
116 194
116 197
116 199
117 118
117 120
117 121
117 122
117 124
117 125
117 127
117 130
117 131
117 137
117 140
117 142
117 143
117 146
117 147
117 148
117 149
117 150
117 152
117 154
117 163
117 164
117 165
117 167
117 168
117 169
117 171
117 172
117 174
117 175
117 180
117 181
117 182
117 185
117 186
117 188
117 189
117 190
117 193
117 195
117 198
118 119
118 121
118 122
118 123
118 124
118 125
118 128
118 130
118 131
118 132
118 134
118 135
118 136
118 137
118 138
118 141
118 142
118 143
118 144
118 145
118 146
118 152
118 153
118 155
118 160
118 161
118 167
118 169
118 170
118 171
118 175
118 178
118 180
118 181
118 185
118 186
118 188
118 189
118 190
118 192
118 195
118 196
118 197
118 198
119 121
119 122
119 126
119 127
119 128
119 133
119 135
119 136
119 138
119 139
119 140
119 142
119 144
119 145
119 152
119 154
119 155
119 160
119 161
119 162
119 163
119 168
119 169
119 170
119 172
119 173
119 175
119 177
119 178
119 179
119 182
119 187
119 188
119 189
119 190
119 191
119 192
119 194
119 197
119 198
119 199
120 123
120 126
120 132
120 133
120 136
120 139
120 140
120 145
120 147
120 152
120 153
120 154
120 155
120 158
120 160
120 163
120 165
120 166
120 172
120 174
120 176
120 180
120 182
120 184
120 185
120 187
120 189
120 191
120 193
120 196
120 197
120 198
121 126
121 133
121 135
121 137
121 138
121 139
121 141
121 143
121 150
121 151
121 153
121 157
121 158
121 159
121 160
121 161
121 164
121 165
121 168
121 169
121 170
121 171
121 173
121 175
121 179
121 180
121 184
121 186
121 188
121 189
121 190
121 191
121 193
121 197
122 123
122 127
122 128
122 131
122 132
122 133
122 134
122 137
122 140
122 145
122 147
122 150
122 151
122 154
122 156
122 163
122 164
122 165
122 166
122 167
122 169
122 170
122 174
122 179
122 180
122 182
122 183
122 184
122 185
122 187
122 194
123 127
123 130
123 131
123 132
123 133
123 134
123 136
123 138
123 140
123 143
123 144
123 145
123 146
123 147
123 150
123 151
123 152
123 153
123 157
123 159
123 161
123 162
123 163
123 164
123 168
123 169
123 170
123 171
123 172
123 174
123 175
123 176
123 178
123 179
123 183
123 186
123 187
123 188
123 191
123 192
123 193
123 194
123 195
123 199
124 126
124 133
124 136
124 137
124 138
124 139
124 140
124 141
124 143
124 148
124 150
124 154
124 156
124 158
124 159
124 160
124 161
124 163
124 165
124 166
124 167
124 170
124 171
124 172
124 176
124 178
124 180
124 181
124 183
124 184
124 186
124 187
124 189
124 190
124 191
124 192
124 193
124 194
124 197
124 198
124 199
125 126
125 127
125 128
125 129
125 130
125 131
125 134
125 139
125 140
125 141
125 143
125 145
125 146
125 147
125 148
125 149
125 150
125 153
125 156
125 159
125 165
125 168
125 171
125 172
125 173
125 174
125 177
125 179
125 180
125 182
125 184
125 185
125 186
125 187
125 188
125 190
125 194
125 195
125 196
125 198
125 199
126 127
126 128
126 133
126 134
126 141
126 143
126 144
126 145
126 146
126 153
126 154
126 157
126 158
126 159
126 160
126 161
126 162
126 165
126 167
126 168
126 170
126 172
126 174
126 175
126 177
126 179
126 181
126 182
126 184
126 185
126 186
126 188
126 189
126 190
126 191
126 195
126 196
126 197
127 129
127 131
127 134
127 135
127 136
127 138
127 139
127 140
127 141
127 142
127 143
127 147
127 148
127 149
127 153
127 154
127 155
127 156
127 161
127 163
127 164
127 165
127 166
127 171
127 174
127 175
127 180
127 181
127 183
127 188
127 190
127 191
127 192
127 193
127 197
128 129
128 130
128 135
128 136
128 137
128 139
128 140
128 141
128 144
128 145
128 147
128 149
128 151
128 152
128 155
128 157
128 158
128 160
128 163
128 165
128 166
128 168
128 169
128 170
128 172
128 173
128 174
128 179
128 180
128 182
128 183
128 184
128 187
128 188
128 190
128 192
128 193
128 195
128 197
128 198
128 199
129 132
129 133
129 141
129 143
129 146
129 149
129 151
129 152
129 154
129 155
129 158
129 161
129 162
129 163
129 165
129 166
129 168
129 169
129 176
129 177
129 178
129 181
129 183
129 185
129 186
129 187
129 188
129 189
129 192
129 199
130 131
130 132
130 133
130 135
130 138
130 140
130 145
130 147
130 148
130 151
130 153
130 158
130 159
130 160
130 161
130 164
130 166
130 168
130 169
130 170
130 171
130 173
130 174
130 175
130 177
130 180
130 182
130 183
130 184
130 189
130 191
130 194
130 196
130 198
131 133
131 134
131 136
131 138
131 139
131 142
131 144
131 147
131 148
131 149
131 151
131 152
131 153
131 155
131 157
131 159
131 161
131 163
131 165
131 166
131 169
131 174
131 175
131 179
131 183
131 184
131 186
131 187
131 190
131 191
131 192
131 193
131 197
132 133
132 134
132 136
132 140
132 144
132 145
132 148
132 149
132 150
132 152
132 153
132 156
132 158
132 159
132 162
132 164
132 165
132 166
132 167
132 169
132 170
132 171
132 174
132 178
132 179
132 181
132 182
132 184
132 186
132 188
132 189
132 191
132 194
132 195
132 196
132 199
133 135
133 137
133 138
133 139
133 141
133 142
133 144
133 145
133 146
133 147
133 148
133 151
133 152
133 153
133 156
133 157
133 158
133 163
133 166
133 167
133 169
133 170
133 173
133 174
133 175
133 176
133 178
133 179
133 180
133 181
133 182
133 192
133 197
134 137
134 138
134 140
134 143
134 144
134 145
134 147
134 149
134 152
134 154
134 155
134 157
134 158
134 159
134 160
134 162
134 163
134 165
134 168
134 170
134 171
134 172
134 174
134 176
134 177
134 181
134 182
134 184
134 186
134 189
134 191
134 193
134 195
134 196
134 199
135 137
135 139
135 140
135 146
135 149
135 150
135 151
135 155
135 156
135 157
135 160
135 168
135 169
135 171
135 172
135 178
135 179
135 180
135 182
135 183
135 184
135 185
135 186
135 187
135 188
135 189
135 190
135 196
135 197
136 137
136 138
136 144
136 146
136 148
136 149
136 151
136 158
136 159
136 161
136 164
136 166
136 167
136 169
136 172
136 173
136 176
136 177
136 178
136 179
136 181
136 183
136 184
136 185
136 186
136 187
136 188
136 190
136 191
136 192
136 193
136 194
137 140
137 141
137 142
137 144
137 146
137 147
137 148
137 152
137 154
137 155
137 156
137 157
137 159
137 160
137 161
137 162
137 163
137 164
137 165
137 166
137 167
137 168
137 169
137 171
137 172
137 173
137 174
137 175
137 177
137 178
137 179
137 180
137 182
137 184
137 187
137 188
137 189
137 190
137 191
137 194
137 195
137 196
137 197
137 199
138 140
138 141
138 142
138 146
138 148
138 149
138 151
138 152
138 155
138 160
138 163
138 174
138 180
138 181
138 182
138 185
138 187
138 189
138 192
138 195
138 196
138 199
139 140
139 148
139 150
139 152
139 153
139 154
139 160
139 161
139 164
139 167
139 169
139 170
139 174
139 175
139 176
139 178
139 182
139 183
139 184
139 185
139 186
139 188
139 189
139 190
139 191
139 192
139 194
139 195
139 198
140 142
140 143
140 144
140 148
140 149
140 150
140 152
140 155
140 156
140 158
140 159
140 164
140 168
140 171
140 172
140 173
140 174
140 175
140 176
140 178
140 179
140 180
140 184
140 191
140 193
140 195
140 197
141 143
141 144
141 145
141 147
141 148
141 150
141 152
141 153
141 154
141 155
141 156
141 157
141 159
141 160
141 161
141 162
141 166
141 170
141 171
141 172
141 177
141 182
141 183
141 184
141 185
141 186
141 187
141 188
141 189
141 193
141 194
141 195
141 196
141 197
141 199
142 143
142 145
142 147
142 151
142 152
142 153
142 154
142 155
142 160
142 163
142 165
142 166
142 168
142 169
142 171
142 173
142 175
142 177
142 178
142 179
142 180
142 181
142 182
142 184
142 185
142 186
142 191
142 193
142 196
142 197
142 198
143 144
143 146
143 147
143 148
143 150
143 152
143 156
143 157
143 159
143 166
143 168
143 169
143 171
143 175
143 177
143 180
143 181
143 182
143 183
143 184
143 185
143 186
143 187
143 189
143 190
143 192
143 193
143 194
143 195
143 196
143 198
143 199
144 145
144 146
144 147
144 148
144 150
144 152
144 153
144 157
144 162
144 163
144 167
144 169
144 173
144 175
144 177
144 178
144 183
144 185
144 188
144 191
144 198
144 199
145 147
145 149
145 151
145 152
145 153
145 156
145 157
145 158
145 163
145 164
145 165
145 166
145 167
145 171
145 172
145 173
145 176
145 177
145 179
145 185
145 186
145 189
145 192
145 193
145 196
145 197
145 199
146 147
146 150
146 151
146 154
146 155
146 159
146 162
146 164
146 166
146 167
146 171
146 174
146 175
146 176
146 177
146 179
146 181
146 182
146 185
146 186
146 188
146 189
146 190
146 191
146 192
146 193
146 194
146 198
146 199
147 148
147 149
147 151
147 153
147 155
147 157
147 159
147 160
147 161
147 163
147 164
147 167
147 169
147 173
147 174
147 175
147 176
147 178
147 179
147 183
147 184
147 186
147 190
147 191
147 194
147 195
147 196
147 197
148 150
148 152
148 153
148 155
148 156
148 157
148 158
148 160
148 161
148 166
148 167
148 169
148 172
148 173
148 175
148 176
148 177
148 180
148 181
148 182
148 183
148 185
148 186
148 188
148 189
148 190
148 191
148 193
148 194
148 195
148 196
148 197
149 151
149 152
149 153
149 155
149 156
149 157
149 162
149 163
149 167
149 168
149 176
149 178
149 179
149 181
149 182
149 184
149 189
149 190
149 191
149 192
149 193
149 195
149 196
149 197
150 151
150 155
150 156
150 159
150 161
150 165
150 166
150 167
150 169
150 170
150 171
150 178
150 181
150 182
150 183
150 184
150 185
150 186
150 190
150 193
150 195
150 197
150 199
151 155
151 157
151 158
151 159
151 162
151 163
151 165
151 167
151 169
151 170
151 181
151 182
151 183
151 184
151 185
151 186
151 187
151 188
151 189
151 190
151 193
151 197
151 198
151 199
152 158
152 159
152 162
152 164
152 167
152 170
152 172
152 173
152 174
152 178
152 179
152 180
152 183
152 185
152 186
152 187
152 188
152 189
152 190
152 191
152 193
152 195
152 197
152 198
152 199
153 156
153 160
153 161
153 163
153 164
153 169
153 170
153 171
153 172
153 173
153 175
153 177
153 178
153 183
153 184
153 187
153 188
153 189
153 191
153 193
153 195
153 198
154 155
154 156
154 158
154 159
154 162
154 170
154 172
154 173
154 174
154 175
154 177
154 178
154 179
154 180
154 181
154 183
154 184
154 188
154 191
154 195
154 196
154 197
154 199
155 156
155 157
155 158
155 160
155 161
155 162
155 163
155 164
155 166
155 167
155 169
155 170
155 174
155 176
155 177
155 178
155 181
155 183
155 184
155 185
155 187
155 188
155 191
155 193
155 195
155 199
156 158
156 159
156 161
156 162
156 163
156 164
156 166
156 168
156 170
156 175
156 176
156 177
156 179
156 182
156 183
156 185
156 186
156 187
156 188
156 189
156 190
156 191
156 193
156 196
156 197
157 158
157 160
157 164
157 165
157 168
157 169
157 171
157 173
157 174
157 175
157 180
157 183
157 184
157 186
157 188
157 189
157 190
157 191
157 195
157 196
157 199
158 159
158 161
158 163
158 164
158 165
158 171
158 172
158 175
158 179
158 180
158 182
158 184
158 187
158 189
158 191
158 194
158 196
158 197
158 199
159 161
159 163
159 165
159 167
159 168
159 169
159 171
159 172
159 175
159 176
159 177
159 180
159 182
159 184
159 186
159 188
159 189
159 190
159 191
159 192
159 193
159 194
159 195
159 196
159 197
160 163
160 167
160 171
160 172
160 174
160 177
160 182
160 183
160 184
160 187
160 188
160 190
160 191
160 193
160 194
160 195
160 197
161 162
161 164
161 165
161 170
161 172
161 174
161 175
161 177
161 179
161 180
161 181
161 183
161 187
161 189
161 192
161 193
161 195
161 196
161 198
161 199
162 163
162 164
162 166
162 167
162 169
162 170
162 174
162 176
162 177
162 178
162 179
162 181
162 184
162 186
162 189
162 190
162 192
162 195
162 196
162 198
162 199
163 167
163 168
163 173
163 174
163 176
163 177
163 181
163 182
163 184
163 187
163 194
163 197
163 198
163 199
164 165
164 166
164 170
164 172
164 173
164 176
164 179
164 181
164 183
164 189
164 190
164 191
164 192
164 194
164 195
164 197
164 198
164 199
165 166
165 167
165 168
165 169
165 170
165 172
165 176
165 177
165 178
165 180
165 181
165 184
165 185
165 187
165 188
165 190
165 192
165 195
165 196
165 199
166 168
166 170
166 171
166 176
166 180
166 181
166 184
166 185
166 187
166 189
166 193
166 194
166 198
167 168
167 169
167 170
167 171
167 175
167 176
167 179
167 182
167 184
167 187
167 189
167 190
167 192
167 194
167 195
167 196
167 198
167 199
168 169
168 170
168 173
168 175
168 177
168 179
168 184
168 186
168 187
168 188
168 189
168 190
168 191
168 192
168 194
168 198
169 170
169 171
169 172
169 173
169 174
169 179
169 181
169 186
169 190
169 191
169 192
169 196
169 198
169 199
170 171
170 174
170 178
170 182
170 184
170 185
170 188
170 189
170 190
170 191
170 192
170 194
170 198
170 199
171 176
171 177
171 180
171 181
171 182
171 183
171 184
171 186
171 187
171 188
171 195
172 173
172 175
172 176
172 178
172 181
172 190
172 192
172 193
172 196
172 198
173 175
173 179
173 181
173 182
173 183
173 185
173 186
173 187
173 188
173 189
173 190
173 191
173 192
173 193
173 199
174 175
174 176
174 180
174 182
174 183
174 184
174 185
174 188
174 191
174 194
174 195
174 196
174 197
174 198
175 176
175 181
175 189
175 192
175 197
175 199
176 178
176 179
176 180
176 181
176 183
176 184
176 185
176 186
176 190
176 195
176 196
176 197
176 198
176 199
177 180
177 181
177 184
177 185
177 186
177 189
177 190
177 191
177 194
177 197
177 198
177 199
178 179
178 181
178 182
178 185
178 187
178 190
178 191
178 193
178 194
178 195
178 197
178 198
178 199
179 180
179 181
179 182
179 184
179 185
179 186
179 187
179 189
179 191
179 192
179 194
179 196
179 197
179 199
180 181
180 182
180 183
180 184
180 185
180 189
180 191
180 193
180 194
180 195
180 199
181 182
181 184
181 185
181 186
181 188
181 190
181 191
181 193
181 195
181 198
182 185
182 186
182 187
182 188
182 189
182 191
182 192
182 193
182 194
182 195
182 196
182 198
182 199
183 184
183 186
183 187
183 189
183 190
183 192
183 194
183 197
183 199
184 185
184 186
184 187
184 188
184 189
184 190
184 191
184 192
184 193
184 197
184 198
184 199
185 186
185 187
185 188
185 189
185 190
185 192
185 195
186 187
186 188
186 190
186 191
186 192
186 193
186 195
186 197
186 198
186 199
187 188
187 189
187 190
187 192
187 194
187 195
187 196
187 198
187 199
188 189
188 191
188 192
188 196
188 197
189 192
189 193
189 194
189 198
189 199
190 191
190 192
190 197
191 192
191 194
191 196
191 197
191 198
192 196
192 197
192 199
193 196
193 197
193 198
194 197
194 198
194 199
195 196
195 197
196 198
196 199
197 198
