# Erdos-Renyi n=100 p=0.300000
# n=100
0 6
0 9
0 18
0 20
0 23
0 25
0 26
0 36
0 39
0 48
0 49
0 52
0 62
0 66
0 72
0 77
0 80
0 85
0 86
0 87
0 90
0 91
0 92
0 93
0 94
0 97
1 5
1 7
1 10
1 11
1 23
1 27
1 28
1 35
1 37
1 48
1 50
1 54
1 55
1 64
1 66
1 67
1 70
1 72
1 77
1 79
1 82
1 85
1 90
1 94
1 95
1 97
2 3
2 7
2 12
2 15
2 18
2 22
2 23
2 25
2 27
2 28
2 31
2 33
2 37
2 43
2 45
2 46
2 48
2 53
2 55
2 62
2 70
2 72
2 73
2 75
2 76
2 77
2 78
2 79
2 80
2 81
2 87
2 98
3 8
3 10
3 13
3 14
3 15
3 25
3 28
3 29
3 30
3 31
3 33
3 34
3 38
3 39
3 46
3 51
3 53
3 60
3 64
3 65
3 68
3 71
3 73
3 85
3 93
3 94
3 97
4 6
4 8
4 12
4 14
4 15
4 18
4 19
4 21
4 23
4 24
4 31
4 36
4 38
4 41
4 44
4 46
4 49
4 53
4 59
4 60
4 69
4 74
4 76
4 82
4 83
4 85
4 87
4 90
4 95
4 96
5 6
5 11
5 14
5 17
5 18
5 30
5 33
5 35
5 36
5 37
5 39
5 44
5 52
5 55
5 61
5 70
5 75
5 80
5 86
5 89
5 94
5 95
5 97
6 16
6 19
6 23
6 24
6 36
6 39
6 41
6 44
6 47
6 52
6 60
6 64
6 69
6 71
6 77
6 81
6 83
6 87
6 89
6 95
6 97
6 98
6 99
7 12
7 13
7 14
7 19
7 28
7 29
7 32
7 39
7 41
7 46
7 49
7 51
7 52
7 56
7 58
7 60
7 62
7 66
7 67
7 70
7 71
7 73
7 75
7 76
7 80
7 81
7 82
7 92
7 94
7 95
8 12
8 20
8 21
8 23
8 24
8 29
8 34
8 35
8 40
8 44
8 48
8 51
8 53
8 60
8 61
8 68
8 74
8 76
8 77
8 78
8 85
8 89
8 91
8 94
8 96
9 11
9 18
9 26
9 27
9 28
9 32
9 33
9 34
9 38
9 43
9 44
9 51
9 56
9 63
9 68
9 87
9 95
9 96
10 12
10 14
10 17
10 18
10 21
10 25
10 28
10 33
10 34
10 38
10 44
10 47
10 48
10 51
10 52
10 53
10 59
10 61
10 62
10 63
10 65
10 66
10 67
10 69
10 79
10 82
10 87
10 89
10 91
10 94
11 14
11 22
11 26
11 33
11 35
11 43
11 48
11 51
11 54
11 56
11 57
11 61
11 65
11 66
11 70
11 71
11 74
11 77
11 82
11 84
11 85
11 88
11 89
11 92
11 97
12 21
12 26
12 27
12 28
12 31
12 35
12 41
12 46
12 47
12 54
12 57
12 61
12 62
12 63
12 64
12 65
12 74
12 82
12 93
12 94
12 95
12 96
12 97
13 15
13 21
13 24
13 25
13 32
13 33
13 37
13 40
13 45
13 46
13 48
13 53
13 54
13 58
13 60
13 71
13 72
13 73
13 75
13 78
13 80
13 82
13 87
13 90
13 94
13 96
14 16
14 19
14 20
14 22
14 24
14 25
14 32
14 33
14 34
14 37
14 41
14 42
14 47
14 50
14 54
14 64
14 65
14 66
14 73
14 74
14 79
14 90
14 92
14 94
14 96
14 98
15 16
15 18
15 20
15 23
15 26
15 35
15 45
15 47
15 48
15 51
15 57
15 58
15 59
15 61
15 73
15 74
15 78
15 81
15 82
15 84
15 87
15 88
16 17
16 18
16 22
16 25
16 26
16 28
16 30
16 31
16 32
16 33
16 42
16 46
16 47
16 49
16 57
16 62
16 63
16 65
16 68
16 78
16 79
16 82
16 84
16 85
16 88
16 92
16 97
17 19
17 20
17 21
17 22
17 23
17 24
17 25
17 26
17 27
17 29
17 34
17 35
17 46
17 50
17 52
17 53
17 56
17 59
17 62
17 65
17 67
17 71
17 73
17 74
17 75
17 80
17 83
17 85
17 87
17 90
17 91
17 92
17 98
18 22
18 27
18 29
18 33
18 34
18 35
18 37
18 38
18 39
18 40
18 45
18 46
18 49
18 50
18 53
18 55
18 65
18 66
18 67
18 77
18 80
18 83
18 84
18 85
18 93
19 21
19 25
19 35
19 38
19 40
19 46
19 48
19 56
19 58
19 64
19 67
19 68
19 69
19 72
19 74
19 78
19 87
19 88
19 90
19 94
19 97
20 22
20 23
20 34
20 40
20 45
20 49
20 51
20 54
20 55
20 66
20 68
20 70
20 74
20 80
20 89
20 99
21 23
21 26
21 27
21 30
21 32
21 34
21 35
21 39
21 43
21 45
21 46
21 49
21 51
21 52
21 54
21 55
21 63
21 65
21 67
21 68
21 74
21 75
21 78
21 84
21 86
21 89
21 92
21 93
21 94
21 96
21 97
22 23
22 24
22 27
22 35
22 39
22 40
22 54
22 56
22 58
22 59
22 60
22 63
22 64
22 65
22 66
22 68
22 69
22 72
22 74
22 79
22 81
22 82
22 84
22 85
22 87
22 88
22 89
22 90
22 92
22 94
22 98
23 30
23 36
23 39
23 46
23 47
23 48
23 54
23 56
23 57
23 60
23 61
23 62
23 76
23 78
23 80
23 87
23 88
23 89
23 98
24 25
24 29
24 31
24 35
24 36
24 37
24 41
24 43
24 45
24 46
24 53
24 57
24 61
24 62
24 65
24 66
24 69
24 72
24 73
24 76
24 83
24 88
24 89
24 92
24 94
24 95
24 96
25 28
25 29
25 30
25 33
25 34
25 36
25 41
25 46
25 50
25 53
25 54
25 55
25 56
25 61
25 68
25 69
25 71
25 74
25 80
25 81
25 84
25 87
25 89
25 97
26 28
26 32
26 35
26 41
26 46
26 47
26 51
26 56
26 58
26 59
26 60
26 67
26 68
26 70
26 71
26 73
26 74
26 79
26 87
26 88
26 90
26 91
26 92
26 93
26 94
26 97
26 99
27 29
27 36
27 38
27 43
27 45
27 49
27 51
27 53
27 54
27 57
27 59
27 61
27 70
27 71
27 79
27 81
27 85
27 86
27 87
27 89
27 91
27 93
27 95
27 97
27 99
28 32
28 33
28 38
28 39
28 40
28 41
28 45
28 47
28 50
28 55
28 59
28 60
28 64
28 66
28 68
28 72
28 73
28 80
28 86
28 89
28 92
28 96
28 99
29 30
29 33
29 35
29 40
29 42
29 44
29 50
29 56
29 60
29 63
29 64
29 67
29 69
29 77
29 81
29 82
29 85
29 88
29 90
29 91
29 92
29 96
29 99
30 31
30 34
30 40
30 41
30 45
30 60
30 64
30 67
30 69
30 70
30 75
30 85
30 88
30 92
30 93
30 94
30 95
30 99
31 39
31 54
31 57
31 60
31 61
31 62
31 64
31 66
31 75
31 76
31 79
31 80
31 81
31 85
31 89
31 93
31 94
32 33
32 41
32 43
32 44
32 46
32 60
32 62
32 67
32 69
32 75
32 77
32 85
32 88
32 94
32 96
33 34
33 42
33 43
33 45
33 46
33 49
33 50
33 59
33 60
33 62
33 63
33 64
33 65
33 68
33 69
33 74
33 77
33 82
33 92
33 93
33 97
34 36
34 41
34 49
34 59
34 61
34 63
34 70
34 71
34 72
34 75
34 76
34 83
34 84
34 86
34 93
34 94
35 47
35 54
35 55
35 56
35 59
35 63
35 64
35 65
35 68
35 69
35 71
35 73
35 74
35 77
35 78
35 84
35 85
35 86
35 94
35 99
36 42
36 47
36 49
36 52
36 53
36 54
36 59
36 60
36 64
36 75
36 78
36 80
36 89
36 99
37 43
37 44
37 47
37 52
37 53
37 54
37 59
37 66
37 73
37 75
37 83
37 84
37 87
37 88
37 91
37 92
37 93
37 95
37 98
38 40
38 41
38 43
38 44
38 45
38 46
38 52
38 54
38 61
38 81
38 85
38 86
38 89
38 92
38 93
38 95
38 96
38 98
38 99
39 40
39 42
39 44
39 47
39 51
39 54
39 61
39 62
39 65
39 73
39 74
39 80
39 81
39 82
39 85
39 86
39 93
39 96
39 98
40 41
40 43
40 46
40 47
40 49
40 53
40 58
40 62
40 63
40 64
40 70
40 71
40 73
40 76
40 80
40 81
40 84
40 86
40 88
40 94
41 42
41 45
41 46
41 48
41 54
41 55
41 57
41 63
41 64
41 73
41 79
41 80
41 81
41 88
41 92
41 93
41 96
41 99
42 45
42 47
42 49
42 51
42 52
42 66
42 67
42 68
42 71
42 74
42 75
42 76
42 77
42 78
42 80
42 84
42 85
42 94
42 95
42 98
43 45
43 47
43 49
43 56
43 59
43 64
43 68
43 71
43 73
43 75
43 82
43 86
43 87
43 88
43 89
43 91
43 92
43 94
44 47
44 48
44 58
44 59
44 61
44 63
44 71
44 74
44 78
44 80
44 85
44 86
44 88
44 99
45 47
45 48
45 49
45 50
45 51
45 55
45 56
45 60
45 64
45 65
45 66
45 69
45 71
45 72
45 75
45 83
45 91
45 95
45 96
45 97
45 98
45 99
46 47
46 67
46 71
46 72
46 73
46 77
46 78
46 97
47 52
47 53
47 54
47 60
47 63
47 66
47 67
47 75
47 77
47 78
47 79
47 83
47 84
47 92
47 94
47 97
48 50
48 52
48 54
48 56
48 60
48 61
48 63
48 64
48 65
48 66
48 69
48 81
48 83
48 89
48 90
48 92
48 93
48 94
48 98
48 99
49 55
49 58
49 67
49 71
49 72
49 78
49 82
49 85
49 87
49 90
49 91
49 98
49 99
50 51
50 52
50 56
50 59
50 61
50 72
50 82
50 90
50 92
50 94
50 95
50 96
50 97
50 98
51 54
51 55
51 63
51 66
51 69
51 70
51 72
51 73
51 75
51 83
51 84
51 85
51 86
51 91
51 97
52 54
52 55
52 57
52 58
52 61
52 63
52 64
52 65
52 71
52 72
52 73
52 74
52 76
52 78
52 80
52 81
52 84
52 86
52 88
52 91
52 97
53 57
53 58
53 59
53 63
53 74
53 75
53 76
53 77
53 86
53 87
53 92
53 95
53 97
53 99
54 56
54 57
54 58
54 59
54 65
54 66
54 68
54 78
54 82
54 93
54 96
54 98
54 99
55 57
55 58
55 62
55 63
55 64
55 65
55 66
55 72
55 73
55 78
55 87
55 89
55 93
55 96
55 98
55 99
56 67
56 68
56 72
56 73
56 74
56 75
56 82
56 88
56 90
56 92
56 93
56 95
56 97
57 61
57 65
57 73
57 74
57 76
57 77
57 79
57 80
57 84
57 87
57 89
57 91
57 96
58 62
58 64
58 69
58 83
58 86
58 87
58 95
58 98
59 61
59 79
59 80
59 81
59 87
59 91
59 95
59 96
59 97
59 98
60 61
60 62
60 63
60 64
60 68
60 69
60 70
60 71
60 72
60 75
60 76
60 77
60 79
60 80
60 83
60 84
60 89
60 90
60 97
61 64
61 77
61 86
61 88
61 94
61 98
62 65
62 67
62 69
62 72
62 75
62 78
62 79
62 86
62 91
62 92
62 95
62 96
62 98
63 65
63 66
63 77
63 81
63 83
63 87
63 88
63 89
63 90
63 92
64 66
64 68
64 70
64 72
64 74
64 75
64 77
64 83
64 84
64 88
64 89
64 94
64 95
64 98
65 66
65 68
65 72
65 73
65 80
65 81
65 85
65 87
65 88
65 94
65 95
65 96
65 98
66 71
66 72
66 74
66 79
66 81
66 91
66 97
67 72
67 76
67 84
67 85
67 87
67 88
67 89
67 93
67 99
68 69
68 77
68 79
68 80
68 81
68 84
68 87
68 90
68 95
68 99
69 70
69 73
69 75
69 78
69 80
69 82
69 88
69 93
70 72
70 78
70 82
70 85
70 96
71 75
71 76
71 77
71 78
71 80
71 83
71 93
71 94
71 97
71 98
71 99
72 75
72 78
72 80
72 81
72 92
72 93
72 97
73 74
73 75
73 79
73 87
73 89
73 90
73 94
74 76
74 83
74 84
74 85
74 86
74 90
74 91
74 92
74 93
75 82
75 83
75 88
75 89
75 90
75 92
75 94
75 95
75 96
76 79
76 86
76 88
76 92
77 78
77 81
77 83
77 87
77 95
77 99
78 80
78 81
78 83
78 89
78 98
79 81
79 82
79 85
79 90
79 92
79 98
80 82
80 89
80 96
81 85
81 98
82 86
82 90
82 94
82 96
82 97
82 99
83 86
83 88
83 91
83 93
84 91
84 93
84 94
84 97
84 99
85 86
85 88
85 90
85 92
85 99
86 87
86 95
86 97
87 90
87 93
87 95
87 98
88 90
88 91
88 95
88 98
89 90
90 91
90 96
90 97
91 93
91 96
91 98
92 97
93 95
93 97
93 98
95 97
96 97
97 99
98 99
