# Erdos-Renyi n=200 p=0.100000
# n=200
0 9
0 10
0 14
0 29
0 46
0 63
0 73
0 79
0 103
0 106
0 111
0 140
0 144
0 145
1 28
1 42
1 43
1 50
1 52
1 56
1 58
1 59
1 62
1 65
1 71
1 87
1 88
1 98
1 109
1 127
1 154
1 157
1 164
1 177
2 8
2 21
2 25
2 33
2 40
2 50
2 58
2 67
2 70
2 71
2 72
2 73
2 106
2 109
2 115
2 120
2 125
2 128
2 153
2 160
2 163
2 164
2 179
2 191
2 195
3 6
3 18
3 21
3 36
3 45
3 57
3 58
3 68
3 96
3 106
3 118
3 119
3 128
3 135
3 137
3 160
3 176
4 6
4 7
4 8
4 26
4 50
4 51
4 57
4 67
4 84
4 93
4 105
4 122
4 146
4 158
4 171
4 173
4 182
4 183
4 191
4 193
4 194
5 11
5 17
5 46
5 58
5 65
5 81
5 98
5 130
5 141
5 147
5 152
5 163
5 173
5 174
5 187
5 195
5 198
6 9
6 12
6 13
6 46
6 48
6 51
6 60
6 76
6 80
6 84
6 85
6 89
6 103
6 121
6 122
6 124
6 131
6 134
6 147
6 162
6 166
6 172
6 190
6 196
6 199
7 9
7 12
7 36
7 47
7 53
7 78
7 79
7 80
7 99
7 102
7 112
7 113
7 119
7 128
7 138
7 151
7 170
7 182
7 186
7 188
7 190
8 12
8 31
8 57
8 78
8 82
8 92
8 101
8 105
8 106
8 142
8 157
8 158
8 165
8 167
8 168
8 170
8 182
8 187
8 195
8 196
9 35
9 46
9 66
9 81
9 98
9 139
9 141
9 146
9 156
9 167
9 172
9 188
10 30
10 36
10 69
10 81
10 89
10 91
10 104
10 111
10 115
10 128
10 144
10 174
10 175
10 183
11 25
11 38
11 52
11 68
11 74
11 83
11 86
11 100
11 104
11 116
11 119
11 132
11 134
11 154
11 157
11 169
11 176
11 188
11 194
12 13
12 38
12 56
12 57
12 69
12 76
12 80
12 81
12 96
12 103
12 105
12 124
12 127
12 132
12 134
12 138
12 144
12 171
12 172
12 189
12 197
13 14
13 18
13 25
13 30
13 33
13 50
13 62
13 84
13 87
13 92
13 103
13 109
13 120
13 127
13 136
13 141
13 148
13 151
13 163
13 178
13 180
13 192
14 16
14 17
14 26
14 30
14 35
14 44
14 62
14 77
14 103
14 112
14 119
14 128
14 135
14 136
14 143
14 146
14 152
14 153
14 163
14 176
14 186
14 187
14 196
15 31
15 41
15 77
15 80
15 85
15 86
15 88
15 112
15 113
15 118
15 119
15 130
15 136
15 167
15 177
15 195
16 27
16 38
16 49
16 68
16 69
16 72
16 96
16 100
16 108
16 112
16 121
16 137
16 143
16 144
16 145
16 157
16 164
17 23
17 27
17 29
17 76
17 90
17 92
17 94
17 100
17 121
17 127
17 128
17 129
17 140
17 159
17 160
17 166
18 20
18 32
18 54
18 60
18 61
18 65
18 67
18 69
18 71
18 75
18 80
18 88
18 92
18 100
18 104
18 116
18 118
18 138
18 173
18 174
18 183
18 191
19 24
19 25
19 30
19 48
19 52
19 57
19 61
19 65
19 78
19 89
19 109
19 117
19 119
19 127
19 135
19 160
19 169
19 172
19 177
19 189
19 194
20 31
20 34
20 38
20 41
20 56
20 67
20 78
20 81
20 86
20 106
20 110
20 117
20 124
20 126
20 135
20 136
20 137
20 147
20 148
20 159
20 162
20 173
21 22
21 36
21 42
21 44
21 50
21 53
21 59
21 62
21 83
21 99
21 120
21 151
21 156
21 157
21 164
21 168
21 170
21 176
21 178
21 185
21 190
21 191
21 197
22 26
22 28
22 33
22 59
22 69
22 71
22 81
22 99
22 119
22 143
22 173
22 176
22 185
22 189
22 192
22 194
23 34
23 42
23 70
23 77
23 85
23 90
23 115
23 116
23 117
23 121
23 128
23 139
23 145
23 166
23 168
23 180
23 183
24 33
24 35
24 39
24 48
24 51
24 62
24 73
24 79
24 85
24 91
24 101
24 115
24 116
24 121
24 126
24 128
24 130
24 137
24 149
24 163
24 174
24 176
24 181
24 193
24 194
24 195
25 28
25 32
25 33
25 51
25 55
25 64
25 66
25 80
25 82
25 93
25 113
25 124
25 134
25 139
25 151
25 159
25 160
25 177
26 59
26 65
26 71
26 90
26 100
26 101
26 120
26 139
26 155
26 159
26 161
26 167
26 188
27 28
27 33
27 41
27 49
27 54
27 78
27 86
27 93
27 95
27 96
27 105
27 107
27 110
27 119
27 131
27 138
27 145
27 152
27 170
27 174
27 182
27 197
28 50
28 55
28 56
28 61
28 62
28 70
28 72
28 81
28 83
28 101
28 105
28 107
28 118
28 143
28 153
28 187
28 194
29 31
29 36
29 56
29 76
29 77
29 119
29 123
29 137
29 156
30 42
30 50
30 61
30 79
30 84
30 94
30 128
30 140
30 164
30 173
30 184
30 191
31 34
31 50
31 56
31 59
31 60
31 74
31 77
31 91
31 92
31 96
31 115
31 136
31 143
31 145
31 153
31 156
31 158
31 161
31 175
31 180
31 186
31 187
31 188
32 48
32 56
32 63
32 66
32 67
32 78
32 85
32 86
32 91
32 100
32 106
32 113
32 126
32 140
32 161
32 174
32 179
32 181
32 186
32 190
33 40
33 49
33 53
33 60
33 62
33 68
33 77
33 78
33 96
33 108
33 124
33 130
33 133
33 134
33 156
33 163
33 165
33 167
33 178
33 184
33 193
33 198
34 35
34 38
34 43
34 45
34 51
34 59
34 65
34 70
34 74
34 83
34 116
34 122
34 123
34 139
34 141
34 159
34 169
34 175
34 185
35 47
35 68
35 70
35 82
35 83
35 109
35 116
35 119
35 134
35 138
35 164
35 167
35 196
36 43
36 58
36 64
36 114
36 120
36 128
36 159
36 170
36 172
36 177
36 178
36 190
36 192
36 194
37 51
37 63
37 68
37 71
37 73
37 75
37 82
37 84
37 90
37 105
37 121
37 126
37 158
37 161
37 166
37 172
37 173
37 195
38 56
38 62
38 69
38 81
38 86
38 94
38 96
38 140
38 163
38 164
38 166
38 181
38 193
38 196
39 48
39 54
39 61
39 80
39 91
39 104
39 114
39 125
39 131
39 135
39 142
39 160
39 171
39 189
39 191
40 58
40 59
40 76
40 87
40 91
40 94
40 100
40 130
40 138
40 141
40 149
40 153
40 174
40 176
40 187
41 57
41 58
41 65
41 96
41 97
41 103
41 108
41 129
41 135
41 141
41 152
41 154
41 158
41 167
41 170
41 179
41 185
41 199
42 43
42 46
42 61
42 70
42 80
42 92
42 112
42 113
42 115
42 120
42 123
42 126
42 129
42 131
42 147
42 153
42 156
42 159
42 162
42 166
42 175
42 183
42 193
42 197
43 60
43 61
43 62
43 64
43 87
43 92
43 107
43 119
43 122
43 125
43 128
43 176
43 181
43 183
43 188
43 191
43 196
43 197
43 198
44 56
44 64
44 88
44 128
44 129
44 147
44 158
44 184
44 185
44 189
44 193
44 197
45 48
45 74
45 81
45 91
45 92
45 96
45 145
45 158
45 179
45 180
46 56
46 69
46 102
46 105
46 109
46 124
46 125
46 133
46 136
46 144
46 147
46 171
46 174
46 177
46 180
46 183
46 186
46 189
46 194
46 196
47 65
47 66
47 69
47 71
47 73
47 77
47 80
47 83
47 84
47 90
47 97
47 98
47 99
47 114
47 130
47 136
47 137
47 140
47 141
47 145
47 146
47 158
47 173
47 181
47 193
48 74
48 101
48 104
48 117
48 126
48 134
48 136
48 167
48 180
48 183
48 197
48 199
49 68
49 72
49 74
49 92
49 108
49 117
49 121
49 128
49 135
49 138
49 140
49 155
49 163
49 165
49 172
49 176
49 181
49 193
49 194
50 52
50 106
50 108
50 110
50 113
50 121
50 123
50 131
50 133
50 136
50 140
50 151
50 160
50 161
50 181
50 188
51 55
51 63
51 73
51 76
51 145
51 152
51 172
51 178
51 181
51 188
51 190
52 58
52 66
52 81
52 107
52 111
52 116
52 118
52 121
52 123
52 154
52 158
52 166
52 172
52 194
53 79
53 103
53 112
53 139
53 145
53 151
53 162
53 172
53 175
53 176
53 196
54 58
54 59
54 64
54 68
54 83
54 87
54 94
54 95
54 101
54 106
54 125
54 154
54 155
54 165
54 177
54 184
54 191
55 64
55 74
55 96
55 104
55 135
55 137
55 143
55 151
55 165
55 193
55 196
56 84
56 88
56 110
56 113
56 115
56 124
56 128
56 131
56 157
56 159
56 161
56 180
56 187
56 190
56 197
56 198
57 80
57 84
57 90
57 95
57 112
57 113
57 119
57 123
57 144
57 165
57 166
57 175
57 191
58 67
58 79
58 88
58 92
58 93
58 123
58 142
58 151
58 153
58 155
58 178
59 61
59 67
59 71
59 73
59 96
59 118
59 119
59 120
59 121
59 123
59 159
59 166
59 188
60 62
60 75
60 78
60 81
60 101
60 107
60 115
60 123
60 126
60 141
60 157
60 159
60 162
60 177
60 179
60 183
60 185
61 67
61 68
61 82
61 98
61 105
61 109
61 115
61 142
61 149
61 154
61 168
61 179
61 197
62 63
62 66
62 68
62 78
62 91
62 97
62 110
62 121
62 138
62 139
62 142
62 158
62 174
62 177
62 185
62 193
63 65
63 70
63 93
63 101
63 106
63 107
63 113
63 124
63 142
63 145
63 156
63 159
63 164
63 165
63 171
63 194
64 73
64 75
64 78
64 80
64 101
64 144
64 153
64 180
64 182
64 187
65 81
65 87
65 90
65 95
65 100
65 101
65 108
65 132
65 178
65 195
66 93
66 94
66 111
66 128
66 133
66 139
66 140
66 159
66 160
66 171
66 173
66 193
67 68
67 73
67 75
67 84
67 85
67 103
67 107
67 108
67 111
67 121
67 127
67 128
67 130
67 140
67 162
67 182
67 186
68 75
68 83
68 86
68 89
68 105
68 107
68 113
68 116
68 121
68 132
68 138
68 159
68 161
68 164
68 176
68 178
69 79
69 86
69 120
69 128
69 138
69 142
69 144
69 146
69 150
69 156
69 157
69 161
69 177
69 181
69 186
69 191
69 198
69 199
70 71
70 86
70 100
70 103
70 130
70 135
70 155
70 160
70 178
71 82
71 83
71 84
71 92
71 99
71 102
71 105
71 110
71 118
71 140
71 171
71 191
71 194
71 195
72 87
72 103
72 118
72 132
72 151
72 152
72 164
72 181
72 187
72 192
73 77
73 99
73 116
73 134
73 144
73 163
73 172
74 77
74 78
74 82
74 85
74 97
74 106
74 107
74 147
74 175
74 183
74 196
74 197
75 83
75 105
75 109
75 112
75 116
75 125
75 127
75 160
75 177
75 180
75 195
76 87
76 106
76 131
76 143
76 144
76 151
76 153
76 174
76 175
76 180
76 185
76 192
77 83
77 95
77 107
77 122
77 131
77 147
77 156
77 158
77 161
77 163
77 165
77 180
77 196
78 98
78 107
78 114
78 127
78 135
78 137
78 144
78 147
78 165
78 175
78 178
79 83
79 92
79 127
79 135
79 143
79 144
79 150
79 153
79 155
79 163
79 185
79 196
80 84
80 95
80 105
80 114
80 116
80 120
80 126
80 143
80 158
80 168
81 86
81 93
81 111
81 114
81 119
81 120
81 122
81 124
81 152
81 153
81 178
81 188
82 86
82 115
82 120
82 161
82 167
82 181
82 186
82 199
83 87
83 91
83 96
83 116
83 129
83 131
83 132
83 136
83 146
83 149
83 162
83 193
84 89
84 112
84 126
84 130
84 147
84 148
84 150
84 151
84 155
84 172
84 176
84 181
84 183
84 185
85 98
85 105
85 111
85 113
85 117
85 124
85 127
85 131
85 160
85 163
85 164
85 165
85 172
85 180
85 196
86 88
86 89
86 101
86 123
86 126
86 128
86 143
86 149
86 172
86 182
86 194
87 115
87 126
87 147
87 149
87 156
87 163
87 168
87 179
87 189
88 106
88 116
88 117
88 129
88 140
88 169
88 188
88 189
88 194
89 93
89 95
89 113
89 120
89 131
89 139
89 142
89 167
89 170
89 177
89 181
89 196
90 91
90 105
90 140
90 153
90 161
90 162
90 169
90 176
91 107
91 133
91 145
91 152
91 192
92 94
92 99
92 100
92 102
92 113
92 145
92 146
92 156
92 161
92 173
92 174
92 177
93 99
93 103
93 109
93 118
93 125
93 128
93 139
93 140
93 144
93 150
93 163
93 171
93 175
93 186
93 188
93 193
94 101
94 103
94 130
94 132
94 141
94 155
94 157
94 173
94 196
94 199
95 102
95 110
95 112
95 116
95 127
95 131
95 178
95 181
95 192
95 199
96 122
96 126
96 132
96 148
96 176
96 184
96 197
97 108
97 119
97 122
97 130
97 131
97 134
97 136
97 142
97 144
97 145
97 165
97 170
97 173
97 179
97 199
98 112
98 113
98 124
98 126
98 144
98 152
99 113
99 118
99 128
99 130
99 153
99 154
99 160
99 165
99 181
99 185
99 195
100 103
100 131
100 140
100 143
100 150
100 166
100 167
100 172
100 191
100 192
100 194
101 105
101 114
101 121
101 122
101 133
101 164
101 167
101 183
101 192
101 196
102 105
102 107
102 114
102 124
102 145
102 158
102 169
102 191
102 194
103 125
103 131
103 166
103 168
103 199
104 114
104 125
104 140
104 141
104 144
104 147
104 187
105 110
105 116
105 126
105 131
105 144
105 151
105 166
105 186
105 187
105 195
106 110
106 145
106 146
106 153
106 165
106 166
106 168
106 174
106 191
107 113
107 123
107 142
107 153
107 157
107 166
107 183
107 188
108 140
108 147
108 151
108 159
108 176
108 194
109 111
109 131
109 148
109 154
109 186
109 198
110 113
110 120
110 122
110 123
110 150
110 154
110 158
110 180
110 184
110 185
110 186
110 188
110 194
110 195
111 129
111 130
111 132
111 137
111 138
111 139
111 141
111 161
111 163
111 178
111 193
111 198
112 113
112 137
112 141
112 148
112 156
112 160
112 163
112 170
113 128
113 129
113 137
113 143
113 151
113 166
113 179
114 134
114 146
114 166
114 167
114 171
114 196
115 121
115 143
115 147
115 158
115 166
115 176
115 177
115 183
115 190
115 199
116 138
116 140
116 142
116 144
116 156
116 171
117 141
117 150
117 164
117 172
117 184
118 163
118 167
118 170
118 177
119 123
119 148
119 152
119 173
119 177
119 186
119 190
119 193
119 199
120 124
120 131
120 138
120 143
120 145
120 147
120 156
120 161
120 162
120 166
120 168
120 175
120 179
120 185
121 169
121 175
121 196
122 133
122 135
122 143
122 158
122 161
122 163
122 185
123 129
123 148
123 152
123 172
123 191
124 127
124 129
124 147
124 150
124 157
124 159
124 187
125 129
125 138
125 139
125 142
125 154
125 156
125 160
125 167
125 170
125 180
125 188
126 147
126 160
126 165
126 184
126 197
126 198
127 128
127 137
127 157
127 164
127 178
127 197
128 133
128 134
128 135
128 138
128 147
128 155
128 157
128 163
128 168
128 181
128 184
128 187
128 191
128 198
129 140
129 148
129 149
129 157
129 158
129 161
129 167
129 195
130 134
130 141
130 143
130 146
130 149
130 164
130 166
130 180
130 193
130 195
130 199
131 150
131 159
131 165
131 191
131 197
132 141
132 164
132 175
132 192
132 195
133 136
133 159
133 178
133 179
133 186
133 196
134 147
134 158
134 162
134 167
134 176
134 184
134 194
134 199
135 159
135 161
135 168
135 170
135 195
136 158
136 177
136 178
136 185
137 149
137 152
137 155
137 160
137 192
137 199
138 145
138 159
138 163
138 168
138 172
138 177
138 180
138 187
139 158
139 164
139 179
139 180
140 143
140 156
140 159
140 161
140 162
140 185
140 186
140 196
141 144
141 152
141 153
141 163
141 167
141 189
141 195
141 198
142 143
142 170
142 174
142 175
142 179
142 188
142 191
142 198
143 151
143 154
143 168
143 192
144 158
144 164
144 171
144 180
144 182
144 183
144 196
145 163
145 164
145 165
145 170
145 172
145 175
146 150
146 158
146 159
146 160
146 167
146 172
146 181
148 152
148 155
148 157
148 165
148 167
149 158
149 159
149 164
149 187
150 156
150 162
150 182
150 195
151 157
151 173
151 199
153 174
154 169
154 172
154 175
154 177
155 156
155 170
155 174
155 184
155 185
155 195
155 199
156 165
156 178
156 179
156 182
156 188
156 190
157 158
157 167
157 170
157 178
157 182
157 190
157 192
158 164
158 167
158 172
158 186
158 189
158 190
159 165
159 166
159 189
159 193
160 180
161 168
161 169
161 170
161 174
161 198
162 164
162 175
162 177
162 187
162 196
163 179
163 183
163 186
163 193
163 198
164 175
164 178
164 180
164 183
165 183
165 191
165 198
166 179
166 185
166 189
166 190
167 181
168 180
168 181
168 190
169 183
169 186
169 195
170 175
170 193
171 176
171 197
173 177
173 180
173 185
173 196
173 197
174 184
175 177
175 180
176 185
176 188
176 192
177 181
177 190
178 180
178 185
179 182
179 194
180 189
180 193
181 191
181 198
182 190
182 193
184 185
185 190
187 189
187 191
189 199
190 192
191 192
191 196
192 197
192 199
194 195
