# Erdos-Renyi n=50 p=0.300000
# n=50
0 3
0 12
0 13
0 16
0 23
0 31
0 34
0 35
0 36
0 42
0 46
1 8
1 9
1 13
1 14
1 15
1 18
1 19
1 20
1 21
1 26
1 27
1 30
1 33
1 37
1 41
1 44
2 11
2 13
2 14
2 15
2 23
2 29
2 31
2 37
2 38
2 44
2 46
2 49
3 4
3 10
3 11
3 14
3 16
3 21
3 26
3 37
3 38
3 41
3 45
3 46
3 47
4 6
4 8
4 9
4 12
4 16
4 18
4 25
4 27
4 29
4 32
4 33
4 36
4 38
4 40
4 43
4 44
4 45
4 47
5 7
5 12
5 14
5 16
5 17
5 18
5 20
5 22
5 24
5 29
5 31
5 33
5 41
5 42
6 7
6 10
6 13
6 23
6 25
6 26
6 38
6 42
6 44
6 46
6 48
7 9
7 10
7 12
7 18
7 19
7 23
7 27
7 30
7 31
7 32
7 34
7 35
7 37
7 40
7 42
7 47
7 49
8 9
8 10
8 11
8 13
8 19
8 24
8 27
8 28
8 29
8 32
8 33
8 36
8 39
8 41
8 44
8 45
8 49
9 10
9 13
9 16
9 19
9 22
9 23
9 26
9 30
9 31
9 37
9 38
9 40
9 48
9 49
10 11
10 13
10 14
10 15
10 20
10 21
10 26
10 29
10 33
10 35
10 37
10 40
10 44
10 45
10 46
10 47
10 49
11 17
11 19
11 20
11 22
11 27
11 32
11 33
11 35
11 45
11 47
12 14
12 16
12 22
12 23
12 28
12 33
12 34
12 36
12 42
12 49
13 15
13 17
13 22
13 23
13 24
13 27
13 31
13 36
13 39
13 42
13 47
13 48
14 15
14 19
14 20
14 27
14 28
14 39
14 41
14 42
14 45
15 20
15 21
15 22
15 27
15 34
15 35
15 36
15 37
15 38
15 40
15 43
15 44
15 47
15 49
16 20
16 31
16 33
16 34
16 42
16 44
16 46
16 48
17 18
17 19
17 24
17 30
17 34
17 39
17 42
17 44
17 47
18 22
18 23
18 37
18 38
18 41
18 43
19 20
19 22
19 24
19 37
19 42
19 47
19 49
20 24
20 29
20 32
20 33
20 34
20 42
20 45
20 47
20 48
21 22
21 27
21 29
21 33
21 35
21 41
21 48
22 23
22 24
22 28
22 31
22 32
22 33
22 41
22 46
22 47
23 26
23 28
23 29
23 32
23 36
23 38
23 47
23 48
24 26
24 30
24 34
24 36
24 38
24 42
24 46
25 26
25 27
25 36
25 42
25 44
25 49
26 40
26 42
26 45
26 48
27 30
27 31
27 35
27 37
27 38
27 39
27 40
27 43
27 47
28 29
28 34
28 36
28 43
28 47
28 48
28 49
29 31
30 34
30 36
30 38
30 42
30 49
31 33
31 35
31 45
32 36
32 37
32 39
32 41
32 43
32 44
32 46
32 48
33 37
33 38
33 41
33 47
34 40
34 41
34 43
34 45
34 48
35 36
35 37
35 41
35 46
36 37
36 39
36 40
36 43
36 46
36 48
37 38
37 41
37 42
37 43
37 45
37 47
37 48
38 39
38 43
39 42
39 46
39 48
40 45
40 47
40 48
40 49
41 43
41 45
41 49
42 49
43 44
43 45
43 48
43 49
44 45
44 47
45 46
45 47
45 48
45 49
46 48
47 49
