# Erdos-Renyi n=100 p=0.500000
# n=100
0 4
0 7
0 10
0 15
0 16
0 21
0 22
0 24
0 25
0 26
0 27
0 28
0 33
0 34
0 36
0 37
0 38
0 42
0 43
0 49
0 52
0 55
0 57
0 59
0 60
0 64
0 67
0 68
0 69
0 70
0 72
0 75
0 76
0 78
0 80
0 84
0 87
0 89
0 90
0 91
0 92
0 95
0 96
0 99
1 5
1 6
1 9
1 10
1 12
1 16
1 17
1 18
1 19
1 21
1 24
1 32
1 34
1 35
1 36
1 38
1 41
1 42
1 44
1 46
1 53
1 54
1 55
1 57
1 59
1 60
1 61
1 62
1 63
1 64
1 65
1 72
1 74
1 76
1 79
1 81
1 83
1 89
1 91
1 94
1 95
1 98
2 9
2 10
2 11
2 13
2 15
2 17
2 20
2 21
2 22
2 23
2 24
2 28
2 29
2 32
2 33
2 35
2 36
2 37
2 41
2 43
2 44
2 48
2 50
2 51
2 52
2 56
2 63
2 69
2 70
2 73
2 74
2 75
2 78
2 79
2 80
2 86
2 90
2 91
2 92
2 95
2 96
2 97
2 98
3 8
3 11
3 12
3 15
3 16
3 17
3 18
3 19
3 20
3 21
3 22
3 23
3 27
3 28
3 31
3 38
3 39
3 41
3 43
3 45
3 48
3 50
3 51
3 52
3 56
3 58
3 59
3 63
3 64
3 66
3 67
3 69
3 71
3 72
3 73
3 75
3 76
3 78
3 82
3 83
3 86
3 87
3 89
3 92
3 94
3 96
3 98
4 5
4 6
4 7
4 8
4 9
4 15
4 18
4 19
4 23
4 25
4 27
4 39
4 43
4 46
4 47
4 48
4 52
4 53
4 57
4 62
4 63
4 64
4 66
4 67
4 71
4 74
4 76
4 77
4 83
4 85
4 89
4 90
4 91
4 92
4 94
4 97
4 98
4 99
5 6
5 7
5 9
5 11
5 12
5 14
5 16
5 17
5 18
5 24
5 25
5 26
5 27
5 28
5 31
5 32
5 34
5 35
5 37
5 40
5 45
5 46
5 48
5 49
5 52
5 54
5 55
5 58
5 59
5 60
5 62
5 65
5 68
5 70
5 71
5 74
5 75
5 76
5 78
5 79
5 80
5 84
5 85
5 86
5 88
5 91
5 94
5 97
5 98
5 99
6 10
6 14
6 15
6 19
6 21
6 22
6 23
6 24
6 26
6 28
6 30
6 32
6 33
6 34
6 38
6 40
6 41
6 43
6 50
6 52
6 56
6 57
6 58
6 63
6 64
6 68
6 69
6 72
6 78
6 79
6 83
6 85
6 86
6 89
6 90
6 91
6 94
6 95
6 96
6 98
6 99
7 8
7 10
7 11
7 15
7 21
7 24
7 25
7 26
7 28
7 30
7 32
7 33
7 34
7 35
7 37
7 38
7 41
7 42
7 43
7 45
7 46
7 47
7 48
7 51
7 52
7 53
7 54
7 55
7 58
7 60
7 62
7 64
7 67
7 70
7 74
7 75
7 77
7 78
7 80
7 83
7 85
7 87
7 88
7 89
7 92
7 93
7 95
7 98
7 99
8 13
8 15
8 16
8 17
8 18
8 21
8 24
8 25
8 29
8 30
8 32
8 33
8 34
8 35
8 37
8 38
8 42
8 43
8 48
8 51
8 53
8 55
8 56
8 58
8 61
8 63
8 64
8 65
8 66
8 67
8 72
8 76
8 77
8 79
8 81
8 82
8 83
8 86
8 87
8 88
8 92
8 94
8 95
8 99
9 11
9 12
9 13
9 15
9 17
9 18
9 19
9 21
9 22
9 23
9 27
9 29
9 31
9 32
9 34
9 35
9 38
9 40
9 41
9 42
9 44
9 45
9 46
9 48
9 49
9 50
9 51
9 53
9 54
9 56
9 59
9 60
9 63
9 65
9 68
9 71
9 75
9 78
9 83
9 85
9 87
9 88
9 91
9 96
9 97
9 98
9 99
10 17
10 19
10 21
10 24
10 25
10 27
10 28
10 30
10 33
10 34
10 38
10 39
10 42
10 43
10 44
10 46
10 50
10 53
10 54
10 57
10 58
10 60
10 61
10 62
10 63
10 64
10 72
10 74
10 76
10 78
10 80
10 82
10 83
10 84
10 86
10 88
10 89
10 90
10 91
10 93
10 95
10 96
10 97
11 13
11 14
11 18
11 19
11 20
11 21
11 22
11 24
11 25
11 26
11 28
11 29
11 30
11 31
11 34
11 35
11 36
11 41
11 42
11 44
11 45
11 46
11 48
11 49
11 51
11 52
11 53
11 57
11 62
11 63
11 64
11 65
11 66
11 67
11 69
11 71
11 77
11 79
11 80
11 81
11 83
11 84
11 87
11 89
11 90
11 92
11 95
11 96
11 97
11 98
11 99
12 15
12 17
12 23
12 26
12 27
12 31
12 32
12 34
12 35
12 38
12 39
12 40
12 42
12 43
12 48
12 52
12 53
12 54
12 57
12 58
12 59
12 60
12 63
12 65
12 67
12 68
12 69
12 70
12 71
12 73
12 74
12 75
12 79
12 80
12 82
12 84
12 86
12 87
12 89
12 90
12 92
12 95
12 96
12 98
13 14
13 16
13 17
13 22
13 23
13 25
13 27
13 34
13 35
13 36
13 38
13 39
13 41
13 42
13 43
13 45
13 46
13 48
13 49
13 50
13 54
13 55
13 57
13 60
13 61
13 64
13 65
13 66
13 68
13 69
13 73
13 75
13 76
13 77
13 78
13 80
13 83
13 85
13 86
13 89
13 95
13 97
13 98
13 99
14 16
14 18
14 20
14 21
14 23
14 24
14 25
14 27
14 30
14 31
14 32
14 34
14 35
14 38
14 41
14 42
14 43
14 45
14 49
14 50
14 54
14 57
14 58
14 59
14 60
14 62
14 63
14 64
14 66
14 69
14 73
14 78
14 81
14 82
14 85
14 87
14 88
14 89
14 90
14 91
14 92
14 94
14 98
14 99
15 19
15 21
15 22
15 23
15 24
15 30
15 31
15 33
15 34
15 36
15 37
15 41
15 42
15 43
15 44
15 45
15 46
15 47
15 48
15 49
15 50
15 53
15 54
15 56
15 58
15 63
15 65
15 66
15 67
15 69
15 70
15 71
15 73
15 74
15 77
15 79
15 80
15 82
15 83
15 84
15 85
15 87
15 90
15 92
15 93
15 94
15 96
15 97
16 18
16 21
16 22
16 23
16 26
16 27
16 28
16 29
16 30
16 31
16 33
16 40
16 44
16 45
16 49
16 50
16 58
16 62
16 64
16 65
16 66
16 67
16 69
16 70
16 74
16 78
16 79
16 83
16 88
16 91
16 95
16 96
16 98
17 18
17 19
17 22
17 23
17 25
17 26
17 27
17 28
17 29
17 30
17 31
17 33
17 34
17 35
17 36
17 39
17 42
17 43
17 45
17 46
17 47
17 50
17 52
17 53
17 54
17 57
17 59
17 61
17 63
17 64
17 66
17 67
17 68
17 69
17 70
17 71
17 76
17 80
17 81
17 82
17 83
17 85
17 86
17 87
17 88
17 92
17 96
17 97
17 98
18 19
18 21
18 22
18 23
18 28
18 32
18 33
18 39
18 41
18 45
18 48
18 49
18 51
18 53
18 54
18 55
18 56
18 59
18 60
18 61
18 62
18 66
18 70
18 72
18 74
18 75
18 76
18 77
18 82
18 83
18 86
18 87
18 89
18 90
18 92
18 95
18 96
18 98
18 99
19 20
19 21
19 22
19 23
19 25
19 26
19 28
19 32
19 33
19 34
19 39
19 40
19 41
19 44
19 45
19 46
19 48
19 49
19 52
19 53
19 54
19 61
19 63
19 64
19 69
19 72
19 76
19 77
19 79
19 82
19 84
19 85
19 87
19 89
19 91
19 92
19 93
19 94
19 95
19 99
20 25
20 26
20 27
20 32
20 34
20 35
20 36
20 41
20 43
20 44
20 53
20 55
20 56
20 57
20 58
20 59
20 60
20 62
20 63
20 66
20 67
20 70
20 71
20 72
20 74
20 75
20 77
20 80
20 81
20 82
20 83
20 84
20 89
20 90
20 91
20 92
20 94
20 97
21 22
21 23
21 25
21 26
21 29
21 30
21 32
21 33
21 38
21 39
21 40
21 41
21 42
21 44
21 46
21 50
21 52
21 53
21 56
21 59
21 61
21 62
21 67
21 70
21 72
21 73
21 74
21 76
21 77
21 79
21 80
21 81
21 87
21 89
21 90
21 94
21 96
21 98
22 24
22 27
22 28
22 29
22 32
22 33
22 35
22 36
22 37
22 38
22 39
22 41
22 42
22 44
22 45
22 46
22 47
22 53
22 55
22 58
22 59
22 61
22 63
22 64
22 65
22 67
22 68
22 69
22 70
22 71
22 76
22 80
22 81
22 82
22 83
22 84
22 87
22 90
22 93
22 95
22 97
22 99
23 25
23 28
23 33
23 34
23 36
23 38
23 46
23 47
23 50
23 51
23 57
23 60
23 62
23 63
23 64
23 65
23 67
23 68
23 69
23 70
23 71
23 73
23 74
23 77
23 79
23 82
23 84
23 85
23 90
23 98
24 27
24 28
24 30
24 31
24 33
24 36
24 38
24 39
24 41
24 45
24 46
24 48
24 49
24 52
24 53
24 55
24 56
24 59
24 61
24 63
24 65
24 73
24 74
24 75
24 77
24 78
24 79
24 80
24 81
24 82
24 87
24 89
24 93
24 94
24 96
24 97
24 98
25 26
25 28
25 29
25 30
25 33
25 34
25 35
25 37
25 40
25 41
25 43
25 44
25 45
25 46
25 48
25 53
25 61
25 63
25 66
25 70
25 71
25 73
25 74
25 75
25 77
25 79
25 83
25 85
25 86
25 87
25 89
25 92
25 97
25 98
25 99
26 29
26 30
26 33
26 34
26 35
26 38
26 42
26 44
26 47
26 52
26 53
26 55
26 56
26 57
26 58
26 59
26 62
26 64
26 66
26 67
26 69
26 70
26 75
26 77
26 78
26 82
26 86
26 94
26 99
27 29
27 31
27 32
27 35
27 38
27 41
27 42
27 43
27 44
27 45
27 46
27 47
27 50
27 51
27 52
27 53
27 55
27 59
27 61
27 63
27 64
27 68
27 69
27 74
27 75
27 77
27 79
27 81
27 83
27 89
27 92
27 95
27 96
27 99
28 31
28 33
28 36
28 37
28 38
28 41
28 42
28 44
28 46
28 48
28 49
28 50
28 57
28 58
28 59
28 61
28 62
28 67
28 69
28 71
28 72
28 74
28 75
28 77
28 81
28 82
28 83
28 84
28 85
28 87
28 88
28 90
28 91
28 92
28 94
28 95
28 99
29 30
29 31
29 32
29 34
29 35
29 37
29 38
29 40
29 41
29 44
29 45
29 46
29 47
29 48
29 49
29 50
29 51
29 52
29 53
29 54
29 58
29 59
29 62
29 64
29 68
29 75
29 78
29 82
29 83
29 84
29 85
29 86
29 87
29 90
29 93
29 95
29 97
30 33
30 36
30 37
30 39
30 40
30 41
30 42
30 44
30 45
30 46
30 50
30 51
30 52
30 53
30 56
30 58
30 59
30 68
30 71
30 74
30 75
30 77
30 78
30 84
30 85
30 86
30 87
30 88
30 89
30 90
30 91
30 92
30 93
30 98
30 99
31 35
31 36
31 38
31 40
31 42
31 43
31 45
31 47
31 48
31 50
31 52
31 53
31 56
31 58
31 61
31 65
31 68
31 70
31 71
31 74
31 75
31 79
31 80
31 89
31 90
31 91
31 94
31 95
31 96
31 97
31 98
32 36
32 37
32 38
32 41
32 45
32 46
32 47
32 49
32 50
32 51
32 55
32 56
32 57
32 58
32 62
32 64
32 65
32 66
32 68
32 72
32 73
32 74
32 78
32 79
32 80
32 81
32 82
32 85
32 87
32 88
32 89
32 91
32 92
32 94
32 96
32 99
33 34
33 35
33 38
33 41
33 44
33 45
33 47
33 49
33 51
33 55
33 57
33 60
33 61
33 64
33 65
33 67
33 69
33 71
33 75
33 76
33 77
33 78
33 80
33 81
33 82
33 83
33 84
33 85
33 86
33 87
33 89
33 90
33 92
33 93
33 96
33 97
33 99
34 36
34 38
34 40
34 41
34 42
34 44
34 46
34 48
34 49
34 50
34 51
34 52
34 54
34 56
34 58
34 60
34 61
34 62
34 63
34 64
34 66
34 67
34 68
34 69
34 70
34 72
34 73
34 76
34 77
34 79
34 80
34 81
34 82
34 85
34 86
34 87
34 88
34 89
34 90
34 92
34 94
34 95
34 98
35 36
35 37
35 42
35 45
35 47
35 50
35 51
35 55
35 56
35 59
35 64
35 66
35 68
35 69
35 70
35 71
35 73
35 75
35 77
35 80
35 81
35 82
35 85
35 91
35 92
35 99
36 38
36 43
36 44
36 45
36 46
36 47
36 50
36 51
36 52
36 55
36 56
36 58
36 59
36 60
36 61
36 62
36 64
36 66
36 67
36 68
36 69
36 75
36 80
36 84
36 87
36 88
36 89
36 90
36 92
36 95
36 97
37 39
37 40
37 41
37 43
37 46
37 48
37 50
37 51
37 52
37 54
37 59
37 60
37 61
37 62
37 63
37 64
37 65
37 67
37 68
37 69
37 70
37 71
37 72
37 73
37 74
37 75
37 77
37 80
37 81
37 82
37 84
37 85
37 86
37 89
37 90
37 94
37 97
37 98
38 39
38 42
38 45
38 46
38 50
38 52
38 56
38 58
38 60
38 62
38 67
38 68
38 70
38 74
38 76
38 80
38 82
38 83
38 84
38 86
38 87
38 88
38 89
38 90
38 91
38 94
38 96
39 42
39 43
39 45
39 48
39 51
39 52
39 56
39 57
39 58
39 60
39 62
39 63
39 64
39 66
39 67
39 69
39 70
39 71
39 72
39 73
39 78
39 84
39 85
39 88
39 89
39 90
39 91
39 92
39 94
39 95
39 96
39 97
40 41
40 47
40 50
40 51
40 52
40 54
40 56
40 57
40 58
40 61
40 63
40 64
40 65
40 68
40 69
40 71
40 72
40 73
40 74
40 77
40 78
40 79
40 82
40 83
40 85
40 86
40 89
40 91
40 92
40 93
40 98
41 42
41 44
41 48
41 51
41 56
41 57
41 59
41 60
41 64
41 65
41 66
41 67
41 69
41 70
41 72
41 74
41 75
41 76
41 78
41 79
41 80
41 81
41 85
41 87
41 88
41 89
41 90
41 92
41 93
41 94
41 97
41 98
41 99
42 43
42 44
42 45
42 46
42 48
42 49
42 50
42 51
42 54
42 56
42 59
42 61
42 62
42 63
42 68
42 70
42 72
42 73
42 74
42 77
42 78
42 80
42 81
42 82
42 85
42 87
42 89
42 92
42 94
42 97
43 44
43 49
43 52
43 53
43 55
43 60
43 62
43 66
43 67
43 68
43 69
43 72
43 75
43 77
43 78
43 80
43 82
43 85
43 86
43 87
43 88
43 90
43 91
43 92
43 93
44 45
44 50
44 51
44 53
44 56
44 57
44 58
44 60
44 61
44 62
44 63
44 64
44 66
44 69
44 70
44 78
44 79
44 81
44 82
44 85
44 86
44 88
44 90
44 91
44 92
44 93
44 94
44 96
44 98
45 46
45 48
45 49
45 52
45 54
45 57
45 60
45 63
45 68
45 69
45 70
45 71
45 72
45 73
45 74
45 76
45 77
45 79
45 80
45 82
45 84
45 86
45 87
45 88
45 89
45 94
46 48
46 54
46 59
46 64
46 65
46 66
46 68
46 69
46 71
46 73
46 75
46 77
46 79
46 81
46 83
46 84
46 85
46 86
46 89
46 92
46 93
46 96
46 98
47 53
47 55
47 57
47 58
47 64
47 65
47 69
47 70
47 73
47 74
47 76
47 78
47 83
47 84
47 86
47 87
47 89
47 93
47 98
48 52
48 53
48 57
48 58
48 60
48 61
48 62
48 66
48 70
48 71
48 72
48 73
48 74
48 77
48 78
48 79
48 80
48 81
48 82
48 84
48 86
48 87
48 88
48 93
48 94
48 96
48 98
49 50
49 53
49 54
49 55
49 59
49 60
49 64
49 65
49 68
49 73
49 74
49 75
49 76
49 77
49 80
49 82
49 85
49 86
49 87
49 88
49 90
49 92
49 94
49 95
49 97
50 51
50 54
50 55
50 56
50 57
50 60
50 61
50 62
50 66
50 68
50 71
50 74
50 75
50 77
50 79
50 80
50 81
50 82
50 86
50 88
50 89
50 92
50 93
50 94
50 95
50 98
50 99
51 57
51 59
51 61
51 63
51 64
51 65
51 66
51 68
51 69
51 72
51 73
51 74
51 75
51 76
51 77
51 78
51 79
51 81
51 83
51 87
51 92
51 94
51 96
51 97
52 53
52 55
52 57
52 58
52 59
52 61
52 64
52 66
52 67
52 68
52 69
52 71
52 75
52 76
52 77
52 81
52 82
52 83
52 84
52 87
52 88
52 91
52 92
52 95
52 97
52 98
52 99
53 57
53 58
53 61
53 63
53 72
53 75
53 77
53 81
53 82
53 83
53 84
53 85
53 88
53 97
53 98
54 55
54 58
54 59
54 62
54 63
54 68
54 69
54 70
54 71
54 75
54 76
54 78
54 81
54 82
54 83
54 84
54 85
54 87
54 88
54 91
54 92
54 93
54 95
54 99
55 60
55 61
55 66
55 67
55 68
55 72
55 73
55 74
55 75
55 77
55 78
55 81
55 85
55 88
55 91
55 92
55 93
55 98
55 99
56 57
56 58
56 59
56 65
56 68
56 70
56 71
56 73
56 74
56 75
56 76
56 78
56 82
56 83
56 84
56 87
56 94
56 96
56 97
56 99
57 59
57 61
57 62
57 69
57 70
57 73
57 77
57 79
57 80
57 81
57 82
57 83
57 85
57 88
57 89
57 91
57 92
57 94
57 96
57 99
58 66
58 67
58 68
58 69
58 70
58 72
58 73
58 76
58 79
58 81
58 83
58 84
58 85
58 86
58 88
58 89
58 90
58 93
58 95
58 98
58 99
59 64
59 66
59 67
59 68
59 72
59 74
59 76
59 83
59 85
59 87
59 92
59 94
59 95
59 96
59 99
60 61
60 62
60 65
60 67
60 72
60 73
60 75
60 76
60 82
60 83
60 86
60 88
60 89
60 95
60 96
60 97
60 98
61 62
61 64
61 66
61 67
61 72
61 73
61 74
61 77
61 78
61 79
61 83
61 84
61 87
61 88
61 91
61 93
61 96
61 98
62 64
62 65
62 67
62 68
62 69
62 71
62 72
62 73
62 75
62 76
62 77
62 79
62 85
62 86
62 89
62 92
62 93
62 95
63 64
63 68
63 69
63 72
63 73
63 83
63 85
63 89
63 90
63 91
63 99
64 66
64 68
64 69
64 70
64 72
64 74
64 75
64 76
64 77
64 81
64 83
64 85
64 86
64 87
64 92
64 93
64 95
64 96
64 98
64 99
65 67
65 68
65 72
65 73
65 76
65 78
65 79
65 83
65 86
65 87
65 92
65 93
65 95
65 96
65 97
66 68
66 73
66 76
66 77
66 79
66 81
66 82
66 85
66 87
66 90
66 91
66 92
66 95
67 68
67 71
67 73
67 76
67 77
67 79
67 81
67 86
67 87
67 93
67 97
67 98
68 71
68 73
68 74
68 77
68 81
68 87
68 88
68 90
68 92
68 93
68 94
68 96
68 99
69 71
69 72
69 73
69 76
69 79
69 85
69 86
69 87
69 90
69 93
69 94
69 97
69 98
69 99
70 72
70 73
70 76
70 78
70 79
70 83
70 88
70 89
70 92
70 93
70 94
71 75
71 76
71 77
71 79
71 80
71 81
71 83
71 85
71 89
71 90
71 91
71 92
71 94
71 96
71 97
72 73
72 77
72 79
72 84
72 85
72 88
72 90
72 91
72 94
72 95
72 97
72 98
73 74
73 75
73 76
73 77
73 78
73 82
73 83
73 84
73 85
73 89
73 91
73 92
73 93
73 94
73 95
73 96
73 97
73 98
74 76
74 77
74 79
74 80
74 81
74 82
74 83
74 85
74 88
74 89
74 94
74 96
74 97
75 76
75 77
75 78
75 79
75 80
75 81
75 82
75 83
75 86
75 87
75 88
75 89
75 91
75 92
75 98
75 99
76 77
76 79
76 81
76 83
76 84
76 85
76 87
76 88
76 90
76 91
76 93
77 78
77 79
77 81
77 82
77 83
77 89
77 90
77 91
77 92
77 93
77 94
77 97
77 98
77 99
78 79
78 81
78 83
78 88
78 92
78 93
78 96
78 98
78 99
79 80
79 81
79 82
79 84
79 86
79 89
79 91
79 92
79 93
79 95
79 96
79 98
79 99
80 81
80 83
80 84
80 87
80 89
80 90
80 91
80 92
80 93
80 95
80 98
80 99
81 82
81 83
81 86
81 88
81 90
81 91
81 92
81 93
81 96
81 97
81 98
82 84
82 86
82 89
82 93
82 94
82 97
83 84
83 87
83 88
83 89
83 90
83 92
83 95
83 96
83 97
83 99
84 89
84 91
84 94
84 95
84 97
85 92
85 93
85 97
85 99
86 88
86 89
86 94
86 96
86 98
86 99
87 90
87 91
87 92
87 93
87 94
87 96
87 97
87 99
88 89
88 91
88 93
88 94
88 95
88 98
88 99
89 90
89 91
89 93
89 95
89 96
89 97
90 92
90 95
90 98
90 99
91 92
91 96
91 97
92 93
92 94
92 97
93 94
93 98
94 96
94 97
94 98
95 96
95 97
96 98
96 99
97 98
