# Erdos-Renyi n=20 p=0.500000
# n=20
0 1
0 3
0 5
0 6
0 8
0 12
0 13
0 14
0 15
0 16
0 17
0 18
1 3
1 5
1 8
1 9
1 10
1 11
1 13
1 15
2 3
2 9
2 10
2 11
2 15
2 17
3 6
3 10
3 11
3 16
3 18
4 5
4 6
4 10
4 11
4 12
4 14
4 16
4 17
4 18
5 6
5 10
5 13
5 14
5 16
5 17
5 18
6 7
6 10
6 11
6 12
6 13
6 15
7 8
7 12
7 14
7 15
7 16
8 9
8 10
8 11
8 12
8 14
8 15
8 17
8 18
9 10
9 13
9 14
9 18
10 11
10 15
10 16
11 12
11 15
11 16
11 18
11 19
12 14
12 15
12 16
12 19
13 14
13 15
13 16
13 17
13 18
15 17
15 18
16 18
17 18
17 19
18 19
