# Erdos-Renyi n=100 p=0.100000
# n=100
0 15
0 32
0 33
0 59
0 61
0 77
0 80
0 88
0 96
1 20
1 51
1 64
1 65
1 71
1 82
1 96
2 13
2 15
2 30
2 34
2 45
2 49
2 50
2 54
2 62
2 64
2 77
2 79
2 81
2 82
2 85
2 88
2 97
2 99
3 38
3 41
3 45
3 48
3 50
3 72
3 73
3 95
4 8
4 12
4 22
4 39
4 69
5 6
5 18
5 21
5 41
5 49
5 50
5 65
5 76
5 88
6 27
6 33
6 35
6 40
6 42
6 43
6 49
6 61
6 63
6 73
6 93
6 99
7 18
7 21
7 42
7 47
7 49
7 57
7 71
7 73
7 79
8 23
8 24
8 29
8 37
8 69
8 71
8 81
8 88
8 91
8 92
8 99
9 13
9 21
9 35
9 67
9 70
9 75
9 83
9 94
10 39
10 42
10 51
10 54
10 58
10 65
10 67
10 81
11 19
11 21
11 32
11 40
11 42
11 46
11 50
11 53
11 56
11 74
11 79
11 88
11 92
12 46
12 60
12 74
13 32
13 52
13 72
13 76
14 19
14 33
14 48
14 56
14 59
14 76
14 91
15 35
15 65
15 67
15 91
16 22
16 26
16 30
16 40
16 41
16 52
16 58
16 70
16 76
16 79
16 88
16 89
16 93
16 97
17 32
17 33
17 34
17 44
17 64
17 76
17 88
17 92
18 20
18 41
18 44
18 49
18 53
18 75
18 86
19 28
19 38
19 41
19 63
19 71
19 75
19 77
19 82
19 85
19 86
19 92
20 41
20 45
20 52
20 57
20 62
20 64
20 72
20 83
21 22
21 41
21 43
21 68
22 47
22 48
22 81
22 82
22 93
23 47
23 53
23 58
23 63
23 70
23 74
23 82
23 94
24 25
24 39
24 57
24 59
24 61
24 93
24 99
25 29
25 30
25 32
25 46
25 49
25 65
25 85
25 98
26 38
26 41
26 47
26 60
26 65
26 69
26 83
26 93
27 32
27 80
27 90
27 99
28 43
28 45
28 66
28 73
28 79
28 81
28 82
28 91
28 99
29 36
29 37
29 43
29 51
29 62
29 71
29 74
29 78
30 42
30 45
30 53
30 65
30 68
30 77
30 91
31 36
31 41
31 57
31 65
31 76
31 83
31 99
32 46
32 51
32 54
32 67
32 75
33 36
33 37
33 44
33 49
33 74
33 83
33 84
33 85
34 51
34 58
34 84
34 93
34 95
35 42
35 43
35 52
35 55
35 69
35 75
35 83
35 85
35 87
35 96
36 43
36 46
36 56
36 61
36 62
36 65
37 43
37 45
37 47
37 52
37 53
37 61
37 65
37 68
37 73
37 81
37 86
37 95
38 59
38 80
38 81
38 96
38 99
39 60
39 71
39 79
39 90
39 92
39 95
40 50
40 63
40 69
40 72
40 75
40 77
40 78
40 83
40 84
40 91
41 44
41 74
41 76
41 88
41 94
41 96
42 50
42 68
42 99
43 45
43 46
43 58
43 86
43 89
44 47
44 66
44 88
44 92
44 93
44 97
45 56
45 72
45 74
45 87
45 94
46 56
46 64
46 73
46 75
46 92
47 85
47 96
48 58
48 60
48 61
48 67
48 92
48 98
49 58
49 62
49 66
49 88
50 61
50 68
50 86
51 55
51 73
51 75
51 80
51 85
52 61
52 72
52 79
53 78
53 97
54 65
54 68
54 72
54 91
54 95
54 97
55 75
55 76
56 82
56 85
56 97
57 59
57 90
58 66
58 77
58 78
58 91
58 95
59 75
59 78
59 91
59 97
60 61
60 74
60 87
61 63
61 64
61 68
61 73
61 90
61 91
62 64
62 70
63 66
63 68
63 87
64 66
64 72
64 89
64 98
65 68
65 93
67 84
67 87
67 92
67 99
68 95
69 70
69 76
69 85
69 87
69 92
70 73
71 77
71 78
71 89
72 77
72 79
72 94
73 75
73 83
76 81
76 92
76 93
77 82
77 93
78 84
78 97
78 98
79 81
79 87
79 92
81 89
81 98
82 92
82 95
83 89
84 92
84 95
84 96
85 94
85 96
86 93
86 94
87 90
87 93
87 98
91 92
92 97
94 95
94 99
95 99
96 99
98 99
