# Random Tree n=100
# n=100
0 49
1 33
1 78
1 99
2 38
3 9
3 74
4 91
4 93
4 17
5 25
6 75
6 39
7 67
8 25
9 16
9 27
9 87
9 18
10 66
10 92
10 85
11 57
11 41
12 64
12 48
12 36
13 72
13 42
14 28
15 37
15 91
17 24
17 55
18 85
19 84
19 23
20 79
20 59
20 71
21 60
21 24
22 69
22 65
23 74
23 83
24 29
25 62
26 55
27 44
28 47
28 90
30 56
30 31
31 63
31 32
32 35
32 40
34 51
34 86
34 52
34 60
36 50
36 58
38 89
38 96
39 49
40 68
40 94
41 46
41 98
41 54
42 82
43 47
45 89
48 73
49 82
49 52
52 88
53 83
54 83
54 93
55 56
58 96
59 95
61 94
61 80
62 70
63 96
65 77
67 97
70 81
70 79
71 98
76 88
77 91
78 80
82 90
93 97
