# Random Tree n=200
# n=200
0 134
0 178
1 111
1 28
2 158
2 155
3 30
4 10
4 185
4 82
5 163
6 31
7 73
7 38
7 14
8 98
8 187
8 139
9 31
10 110
11 120
11 180
11 137
12 16
12 22
13 196
14 194
15 94
15 82
15 32
16 66
17 189
17 183
18 33
18 107
19 61
20 87
20 174
20 99
20 95
21 195
21 181
22 106
23 102
23 199
24 179
25 50
25 90
25 179
25 48
26 81
27 128
27 124
28 132
28 160
29 37
30 128
31 53
32 75
33 63
33 114
33 58
34 131
34 43
35 156
36 66
37 160
37 166
37 118
38 65
38 168
39 78
40 161
40 151
41 128
42 80
43 124
43 109
44 193
44 57
45 50
46 130
47 126
48 132
49 172
49 115
51 64
51 84
52 115
53 114
54 194
54 102
55 123
56 145
56 152
56 161
57 70
58 77
59 74
59 164
60 159
60 119
60 87
61 77
62 73
66 192
67 187
68 106
68 127
69 138
69 166
70 91
70 170
70 197
70 185
71 109
72 78
72 100
73 184
75 97
76 93
76 166
77 80
77 178
79 162
79 125
81 176
81 185
82 135
83 136
84 106
85 151
86 113
86 192
88 194
89 127
91 141
92 150
92 102
95 97
96 148
96 109
96 118
97 153
97 166
99 130
100 190
100 177
101 160
103 186
104 161
105 111
107 169
108 142
108 156
111 181
112 118
115 175
115 168
116 196
117 127
118 165
118 134
119 129
119 164
120 154
121 163
122 148
123 137
125 149
126 146
126 156
126 137
126 169
127 198
127 197
130 191
131 149
131 196
132 177
133 194
135 136
135 157
137 188
139 192
140 188
143 190
144 198
147 173
147 179
150 186
151 187
155 171
163 183
163 179
167 182
167 190
169 172
171 182
